# Table name/description: "Top8000 Tyr and Phe"
# Number of dimensions: 2
# For each dimension, 1 to 2: lower_bound  upper_bound  number_of_bins  wrapping
# x1: -180.0 180.0 72 true
# x2: 0.0 180.0 36 true
# List of table coordinates and values. (Value is last number on each line.)
-177.5 2.5 0.011449139588778
-177.5 7.5 0.017050441299739
-177.5 12.5 0.023844978058281
-177.5 17.5 0.032444159558207
-177.5 22.5 0.044514570287461
-177.5 27.5 0.059326463192150
-177.5 32.5 0.078240717913318
-177.5 37.5 0.104521473300133
-177.5 42.5 0.141067994674819
-177.5 47.5 0.188974902618214
-177.5 52.5 0.281642917015926
-177.5 57.5 0.390789408806272
-177.5 62.5 0.533011192741975
-177.5 67.5 0.669059711059612
-177.5 72.5 0.783462353927321
-177.5 77.5 0.854800059168680
-177.5 82.5 0.841132094078201
-177.5 87.5 0.762802623144815
-177.5 92.5 0.627720526601252
-177.5 97.5 0.445224594448005
-177.5 102.5 0.264020511809082
-177.5 107.5 0.107706720575908
-177.5 112.5 0.038400473349440
-177.5 117.5 0.014654109757901
-177.5 122.5 0.005729500517726
-177.5 127.5 0.003047187022336
-177.5 132.5 0.001656723041270
-177.5 137.5 0.001183373600907
-177.5 142.5 0.001183373600907
-177.5 147.5 0.001370741087718
-177.5 152.5 0.001794783294709
-177.5 157.5 0.002534391795276
-177.5 162.5 0.003599428036093
-177.5 167.5 0.004634879936887
-177.5 172.5 0.005778807751097
-177.5 177.5 0.008096247719540
-172.5 2.5 0.017188501553178
-172.5 7.5 0.021892411616784
-172.5 12.5 0.027296484394261
-172.5 17.5 0.032878063211873
-172.5 22.5 0.039169666190030
-172.5 27.5 0.048192889896948
-172.5 32.5 0.064927764903111
-172.5 37.5 0.082648784576697
-172.5 42.5 0.105132882993935
-172.5 47.5 0.143592525023421
-172.5 52.5 0.215078151964893
-172.5 57.5 0.316079088802327
-172.5 62.5 0.397219072037868
-172.5 67.5 0.501701099551304
-172.5 72.5 0.590375228045954
-172.5 77.5 0.624032345545091
-172.5 82.5 0.644504708840787
-172.5 87.5 0.620363887382279
-172.5 92.5 0.548661308613974
-172.5 97.5 0.421655736896603
-172.5 102.5 0.284167447364528
-172.5 107.5 0.134056506089443
-172.5 112.5 0.054711306148612
-172.5 117.5 0.021547260983186
-172.5 122.5 0.009802277994182
-172.5 127.5 0.005068783590553
-172.5 132.5 0.003589566589419
-172.5 137.5 0.002692174942064
-172.5 142.5 0.002711897835412
-172.5 147.5 0.003244415955821
-172.5 152.5 0.004013608796410
-172.5 157.5 0.005019476357182
-172.5 162.5 0.006863566885262
-172.5 167.5 0.008835856220107
-172.5 172.5 0.010679946748188
-172.5 177.5 0.013184754203442
-167.5 2.5 0.017829495587003
-167.5 7.5 0.020807652482619
-167.5 12.5 0.023618164784774
-167.5 17.5 0.025570731226271
-167.5 22.5 0.027237315714215
-167.5 27.5 0.030600069030127
-167.5 32.5 0.039751491543809
-167.5 37.5 0.053281396380849
-167.5 42.5 0.066574626497707
-167.5 47.5 0.091790345643706
-167.5 52.5 0.138651940239633
-167.5 57.5 0.192515161974262
-167.5 62.5 0.254898673635422
-167.5 67.5 0.316739805729501
-167.5 72.5 0.360386568709630
-167.5 77.5 0.402366747201814
-167.5 82.5 0.428430550761797
-167.5 87.5 0.411449139588778
-167.5 92.5 0.352280459543415
-167.5 97.5 0.296750653320842
-167.5 102.5 0.196410433410581
-167.5 107.5 0.108120901336226
-167.5 112.5 0.052226221586707
-167.5 117.5 0.024712785365613
-167.5 122.5 0.013362260243578
-167.5 127.5 0.007968048912776
-167.5 132.5 0.005335042650757
-167.5 137.5 0.004378482323357
-167.5 142.5 0.004486958236773
-167.5 147.5 0.005335042650757
-167.5 152.5 0.006636753611755
-167.5 157.5 0.009023223706918
-167.5 162.5 0.011577338395543
-167.5 167.5 0.013391844583600
-167.5 172.5 0.014397712144372
-167.5 177.5 0.015551501405256
-162.5 2.5 0.013066416843351
-162.5 7.5 0.014693555544598
-162.5 12.5 0.015502194171885
-162.5 17.5 0.015837483358809
-162.5 22.5 0.016439031605937
-162.5 27.5 0.017829495587003
-162.5 32.5 0.021192248902914
-162.5 37.5 0.027158424140821
-162.5 42.5 0.035826635767467
-162.5 47.5 0.053902667521325
-162.5 52.5 0.082520585769932
-162.5 57.5 0.111493516098812
-162.5 62.5 0.137212169025196
-162.5 67.5 0.168482816429170
-162.5 72.5 0.192949065627928
-162.5 77.5 0.217859079927025
-162.5 82.5 0.234939105566787
-162.5 87.5 0.211616784182240
-162.5 92.5 0.176559341255362
-162.5 97.5 0.146866525319264
-162.5 102.5 0.110458064198018
-162.5 107.5 0.067264927764903
-162.5 112.5 0.036595828608057
-162.5 117.5 0.022326315270450
-162.5 122.5 0.014890784478083
-162.5 127.5 0.009871308120901
-162.5 132.5 0.007277747645580
-162.5 137.5 0.005877422217839
-162.5 142.5 0.006104235491347
-162.5 147.5 0.007741235639268
-162.5 152.5 0.009772693654159
-162.5 157.5 0.012307085449435
-162.5 162.5 0.014802031458015
-162.5 167.5 0.015324688131749
-162.5 172.5 0.013973669937380
-162.5 177.5 0.012711404763079
-157.5 2.5 0.006764952418520
-157.5 7.5 0.007159410285489
-157.5 12.5 0.007228440412208
-157.5 17.5 0.007080518712095
-157.5 22.5 0.007396085005670
-157.5 27.5 0.008165277846260
-157.5 32.5 0.009950199694295
-157.5 37.5 0.014013115724077
-157.5 42.5 0.019594694541689
-157.5 47.5 0.027148562694147
-157.5 52.5 0.041220847098269
-157.5 57.5 0.056900547310290
-157.5 62.5 0.069700705093437
-157.5 67.5 0.082224742369706
-157.5 72.5 0.095340466446428
-157.5 77.5 0.106414871061585
-157.5 82.5 0.102992949065628
-157.5 87.5 0.088891080321483
-157.5 92.5 0.080163700014792
-157.5 97.5 0.075321729697747
-157.5 102.5 0.060667619939845
-157.5 107.5 0.037532666042108
-157.5 112.5 0.023923869631675
-157.5 117.5 0.017780188353631
-157.5 122.5 0.013066416843351
-157.5 127.5 0.009910753907598
-157.5 132.5 0.007968048912776
-157.5 137.5 0.006715645185149
-157.5 142.5 0.007277747645580
-157.5 147.5 0.008707657413343
-157.5 152.5 0.010768699768256
-157.5 157.5 0.012711404763079
-157.5 162.5 0.013618657857108
-157.5 167.5 0.012514175829594
-157.5 172.5 0.010236181647848
-157.5 177.5 0.007938464572753
-152.5 2.5 0.003579705142744
-152.5 7.5 0.003530397909373
-152.5 12.5 0.003471229229328
-152.5 17.5 0.003343030422563
-152.5 22.5 0.003352891869237
-152.5 27.5 0.003678319609487
-152.5 32.5 0.004467235343425
-152.5 37.5 0.006143681278043
-152.5 42.5 0.009536018933978
-152.5 47.5 0.014802031458015
-152.5 52.5 0.021991026083526
-152.5 57.5 0.029406833982545
-152.5 62.5 0.033844484985947
-152.5 67.5 0.037572111828805
-152.5 72.5 0.045944480055224
-152.5 77.5 0.051989546866525
-152.5 82.5 0.047660371776540
-152.5 87.5 0.039672599970416
-152.5 92.5 0.035136334500271
-152.5 97.5 0.033972683792712
-152.5 102.5 0.028075538681525
-152.5 107.5 0.020235688575514
-152.5 112.5 0.015235935111681
-152.5 117.5 0.011656229968936
-152.5 122.5 0.009536018933978
-152.5 127.5 0.008214585079631
-152.5 132.5 0.007208717518860
-152.5 137.5 0.006409940338248
-152.5 142.5 0.006843843991914
-152.5 147.5 0.008125832059563
-152.5 152.5 0.009319067107145
-152.5 157.5 0.010048814161037
-152.5 162.5 0.009674079187417
-152.5 167.5 0.008145554952912
-152.5 172.5 0.005778807751097
-152.5 177.5 0.004250283516592
-147.5 2.5 0.001696168827967
-147.5 7.5 0.001597554361225
-147.5 12.5 0.001508801341157
-147.5 17.5 0.001410186874414
-147.5 22.5 0.001370741087718
-147.5 27.5 0.001439771214437
-147.5 32.5 0.001863813421429
-147.5 37.5 0.003145801489078
-147.5 42.5 0.005039199250530
-147.5 47.5 0.008145554952912
-147.5 52.5 0.013224199990139
-147.5 57.5 0.018460628174153
-147.5 62.5 0.020492086189044
-147.5 67.5 0.020630146442483
-147.5 72.5 0.022296730930427
-147.5 77.5 0.024318327498644
-147.5 82.5 0.023085646664366
-147.5 87.5 0.019821507815196
-147.5 92.5 0.018184507667275
-147.5 97.5 0.016350278585869
-147.5 102.5 0.013362260243578
-147.5 107.5 0.010630639514817
-147.5 112.5 0.008530151373206
-147.5 117.5 0.007218578965534
-147.5 122.5 0.006252157191460
-147.5 127.5 0.005936590897885
-147.5 132.5 0.005621024604309
-147.5 137.5 0.005354765544105
-147.5 142.5 0.005670331837681
-147.5 147.5 0.006104235491347
-147.5 152.5 0.006488831911641
-147.5 157.5 0.006429663231596
-147.5 162.5 0.005749223411074
-147.5 167.5 0.004575711256841
-147.5 172.5 0.003323307529215
-147.5 177.5 0.002100488141610
-142.5 2.5 0.000926975987377
-142.5 7.5 0.000857945860658
-142.5 12.5 0.000818500073961
-142.5 17.5 0.000660716927173
-142.5 22.5 0.000562102460431
-142.5 27.5 0.000779054287264
-142.5 32.5 0.000936837434052
-142.5 37.5 0.001390463981066
-142.5 42.5 0.002869680982200
-142.5 47.5 0.004575711256841
-142.5 52.5 0.007011488585375
-142.5 57.5 0.009940338247621
-142.5 62.5 0.011606922735565
-142.5 67.5 0.012099995069277
-142.5 72.5 0.012425422809526
-142.5 77.5 0.013056555396677
-142.5 82.5 0.012307085449435
-142.5 87.5 0.010502440708052
-142.5 92.5 0.008451259799813
-142.5 97.5 0.007001627138701
-142.5 102.5 0.006143681278043
-142.5 107.5 0.005581578817613
-142.5 112.5 0.004950446230462
-142.5 117.5 0.004634879936887
-142.5 122.5 0.004526404023470
-142.5 127.5 0.004477096790099
-142.5 132.5 0.004427789556728
-142.5 137.5 0.004378482323357
-142.5 142.5 0.004467235343425
-142.5 147.5 0.004565849810167
-142.5 152.5 0.004477096790099
-142.5 157.5 0.004171391943198
-142.5 162.5 0.003559982249396
-142.5 167.5 0.002583699028648
-142.5 172.5 0.001587692914551
-142.5 177.5 0.001124204920862
-137.5 2.5 0.000364873526946
-137.5 7.5 0.000246536166856
-137.5 12.5 0.000177506040136
-137.5 17.5 0.000167644593462
-137.5 22.5 0.000167644593462
-137.5 27.5 0.000236674720181
-137.5 32.5 0.000433903653666
-137.5 37.5 0.000848084413984
-137.5 42.5 0.001281988067650
-137.5 47.5 0.002356885755140
-137.5 52.5 0.003678319609487
-137.5 57.5 0.004841970317046
-137.5 62.5 0.005788669197771
-137.5 67.5 0.006538139145013
-137.5 72.5 0.007317193432277
-137.5 77.5 0.007534145259110
-137.5 82.5 0.006656476505103
-137.5 87.5 0.005443518564173
-137.5 92.5 0.004260144963266
-137.5 97.5 0.003688181056161
-137.5 102.5 0.003619150929441
-137.5 107.5 0.003500813569351
-137.5 112.5 0.003343030422563
-137.5 117.5 0.003343030422563
-137.5 122.5 0.003510675016025
-137.5 127.5 0.003609289482767
-137.5 132.5 0.003589566589419
-137.5 137.5 0.003550120802722
-137.5 142.5 0.003510675016025
-137.5 147.5 0.003352891869237
-137.5 152.5 0.003047187022336
-137.5 157.5 0.002534391795276
-137.5 162.5 0.001844090528080
-137.5 167.5 0.001222819387604
-137.5 172.5 0.000857945860658
-137.5 177.5 0.000463487993689
-132.5 2.5 0.000059168680045
-132.5 7.5 0.000049307233371
-132.5 12.5 0.000039445786697
-132.5 17.5 0.000049307233371
-132.5 22.5 0.000059168680045
-132.5 27.5 0.000138060253439
-132.5 32.5 0.000226813273507
-132.5 37.5 0.000424042206992
-132.5 42.5 0.000818500073961
-132.5 47.5 0.001124204920862
-132.5 52.5 0.001666584487944
-132.5 57.5 0.002416054435186
-132.5 62.5 0.003116217149056
-132.5 67.5 0.003747349736206
-132.5 72.5 0.004102361816478
-132.5 77.5 0.004270006409940
-132.5 82.5 0.004033331689759
-132.5 87.5 0.003283861742518
-132.5 92.5 0.002485084561905
-132.5 97.5 0.002169518268330
-132.5 102.5 0.002169518268330
-132.5 107.5 0.002277994181746
-132.5 112.5 0.002455500221883
-132.5 117.5 0.002642867708693
-132.5 122.5 0.002800650855480
-132.5 127.5 0.002879542428874
-132.5 132.5 0.002879542428874
-132.5 137.5 0.002731620728761
-132.5 142.5 0.002504807455254
-132.5 147.5 0.002110349588285
-132.5 152.5 0.001765198954687
-132.5 157.5 0.001360879641043
-132.5 162.5 0.000966421774074
-132.5 167.5 0.000532518120408
-132.5 172.5 0.000226813273507
-132.5 177.5 0.000118337360091
-127.5 2.5 0.000019722893348
-127.5 7.5 0.000019722893348
-127.5 12.5 0.000029584340023
-127.5 17.5 0.000039445786697
-127.5 22.5 0.000049307233371
-127.5 27.5 0.000078891573394
-127.5 32.5 0.000138060253439
-127.5 37.5 0.000236674720181
-127.5 42.5 0.000424042206992
-127.5 47.5 0.000818500073961
-127.5 52.5 0.001035451900794
-127.5 57.5 0.001281988067650
-127.5 62.5 0.001548247127854
-127.5 67.5 0.001883536314777
-127.5 72.5 0.002228686948375
-127.5 77.5 0.002445638775208
-127.5 82.5 0.002208964055027
-127.5 87.5 0.001853951974755
-127.5 92.5 0.001617277254573
-127.5 97.5 0.001577831467876
-127.5 102.5 0.001676445934619
-127.5 107.5 0.001873674868103
-127.5 112.5 0.002110349588285
-127.5 117.5 0.002396331541837
-127.5 122.5 0.002485084561905
-127.5 127.5 0.002465361668557
-127.5 132.5 0.002317439968443
-127.5 137.5 0.002031458014891
-127.5 142.5 0.001696168827967
-127.5 147.5 0.001360879641043
-127.5 152.5 0.001035451900794
-127.5 157.5 0.000749469947241
-127.5 162.5 0.000276120506878
-127.5 167.5 0.000118337360091
-127.5 172.5 0.000039445786697
-127.5 177.5 0.000029584340023
-122.5 2.5 0.000009861446674
-122.5 7.5 0.000019722893348
-122.5 12.5 0.000019722893348
-122.5 17.5 0.000039445786697
-122.5 22.5 0.000049307233371
-122.5 27.5 0.000088753020068
-122.5 32.5 0.000138060253439
-122.5 37.5 0.000177506040136
-122.5 42.5 0.000276120506878
-122.5 47.5 0.000532518120408
-122.5 52.5 0.000877668754006
-122.5 57.5 0.001084759134165
-122.5 62.5 0.001183373600907
-122.5 67.5 0.001351018194369
-122.5 72.5 0.001479217001134
-122.5 77.5 0.001518662787831
-122.5 82.5 0.001548247127854
-122.5 87.5 0.001508801341157
-122.5 92.5 0.001518662787831
-122.5 97.5 0.001567970021202
-122.5 102.5 0.001666584487944
-122.5 107.5 0.001844090528080
-122.5 112.5 0.002031458014891
-122.5 117.5 0.002169518268330
-122.5 122.5 0.002149795374982
-122.5 127.5 0.001992012228194
-122.5 132.5 0.001715891721316
-122.5 137.5 0.001429909767763
-122.5 142.5 0.001134066367536
-122.5 147.5 0.000867807307332
-122.5 152.5 0.000473349440363
-122.5 157.5 0.000197228933485
-122.5 162.5 0.000059168680045
-122.5 167.5 0.000029584340023
-122.5 172.5 0.000019722893348
-122.5 177.5 0.000009861446674
-117.5 7.5 0.000019722893348
-117.5 12.5 0.000019722893348
-117.5 17.5 0.000039445786697
-117.5 22.5 0.000098614466742
-117.5 27.5 0.000167644593462
-117.5 32.5 0.000197228933485
-117.5 37.5 0.000226813273507
-117.5 42.5 0.000305704846901
-117.5 47.5 0.000532518120408
-117.5 52.5 0.000877668754006
-117.5 57.5 0.001124204920862
-117.5 62.5 0.001321433854346
-117.5 67.5 0.001439771214437
-117.5 72.5 0.001479217001134
-117.5 77.5 0.001518662787831
-117.5 82.5 0.001646861594596
-117.5 87.5 0.001794783294709
-117.5 92.5 0.001873674868103
-117.5 97.5 0.001932843548149
-117.5 102.5 0.001922982101474
-117.5 107.5 0.001922982101474
-117.5 112.5 0.001962427888171
-117.5 117.5 0.001962427888171
-117.5 122.5 0.001844090528080
-117.5 127.5 0.001587692914551
-117.5 132.5 0.001291849514324
-117.5 137.5 0.001035451900794
-117.5 142.5 0.000818500073961
-117.5 147.5 0.000424042206992
-117.5 152.5 0.000197228933485
-117.5 157.5 0.000059168680045
-117.5 162.5 0.000039445786697
-117.5 167.5 0.000019722893348
-112.5 2.5 0.000019722893348
-112.5 7.5 0.000029584340023
-112.5 12.5 0.000049307233371
-112.5 17.5 0.000167644593462
-112.5 22.5 0.000364873526946
-112.5 27.5 0.000542379567082
-112.5 32.5 0.000581825353779
-112.5 37.5 0.000552241013757
-112.5 42.5 0.000631132587151
-112.5 47.5 0.000926975987377
-112.5 52.5 0.001183373600907
-112.5 57.5 0.001498939894483
-112.5 62.5 0.001863813421429
-112.5 67.5 0.002041319461565
-112.5 72.5 0.002120211034959
-112.5 77.5 0.002228686948375
-112.5 82.5 0.002425915881860
-112.5 87.5 0.002603421921996
-112.5 92.5 0.002711897835412
-112.5 97.5 0.002711897835412
-112.5 102.5 0.002652729155367
-112.5 107.5 0.002465361668557
-112.5 112.5 0.002179379715004
-112.5 117.5 0.001962427888171
-112.5 122.5 0.001696168827967
-112.5 127.5 0.001400325427740
-112.5 132.5 0.001124204920862
-112.5 137.5 0.000877668754006
-112.5 142.5 0.000532518120408
-112.5 147.5 0.000246536166856
-112.5 152.5 0.000138060253439
-112.5 157.5 0.000059168680045
-112.5 162.5 0.000039445786697
-112.5 167.5 0.000019722893348
-112.5 172.5 0.000019722893348
-112.5 177.5 0.000019722893348
-107.5 2.5 0.000039445786697
-107.5 7.5 0.000059168680045
-107.5 12.5 0.000226813273507
-107.5 17.5 0.000631132587151
-107.5 22.5 0.001045313347468
-107.5 27.5 0.001281988067650
-107.5 32.5 0.001370741087718
-107.5 37.5 0.001469355554460
-107.5 42.5 0.001676445934619
-107.5 47.5 0.002179379715004
-107.5 52.5 0.002761205068784
-107.5 57.5 0.003313446082540
-107.5 62.5 0.003875548542971
-107.5 67.5 0.004102361816478
-107.5 72.5 0.003974163009714
-107.5 77.5 0.003914994329668
-107.5 82.5 0.004131946156501
-107.5 87.5 0.004210837729895
-107.5 92.5 0.004013608796410
-107.5 97.5 0.003924855776342
-107.5 102.5 0.004023470243085
-107.5 107.5 0.003905132882994
-107.5 112.5 0.003619150929441
-107.5 117.5 0.003313446082540
-107.5 122.5 0.002849958088852
-107.5 127.5 0.002100488141610
-107.5 132.5 0.001439771214437
-107.5 137.5 0.000966421774074
-107.5 142.5 0.000542379567082
-107.5 147.5 0.000246536166856
-107.5 152.5 0.000157783146788
-107.5 157.5 0.000098614466742
-107.5 162.5 0.000059168680045
-107.5 167.5 0.000059168680045
-107.5 172.5 0.000039445786697
-107.5 177.5 0.000039445786697
-102.5 2.5 0.000374734973621
-102.5 7.5 0.000542379567082
-102.5 12.5 0.001005867560771
-102.5 17.5 0.001696168827967
-102.5 22.5 0.002711897835412
-102.5 27.5 0.003392337655934
-102.5 32.5 0.003757211182881
-102.5 37.5 0.004023470243085
-102.5 42.5 0.004467235343425
-102.5 47.5 0.005354765544105
-102.5 52.5 0.007169271732163
-102.5 57.5 0.008766826093388
-102.5 62.5 0.009812139440856
-102.5 67.5 0.009910753907598
-102.5 72.5 0.009397958680538
-102.5 77.5 0.009161283960357
-102.5 82.5 0.009269759873773
-102.5 87.5 0.008835856220107
-102.5 92.5 0.007810265765988
-102.5 97.5 0.007494699472413
-102.5 102.5 0.007731374192594
-102.5 107.5 0.007691928405897
-102.5 112.5 0.007652482619200
-102.5 117.5 0.006942458458656
-102.5 122.5 0.005759084857749
-102.5 127.5 0.004467235343425
-102.5 132.5 0.003244415955821
-102.5 137.5 0.001853951974755
-102.5 142.5 0.001045313347468
-102.5 147.5 0.000562102460431
-102.5 152.5 0.000364873526946
-102.5 157.5 0.000246536166856
-102.5 162.5 0.000246536166856
-102.5 167.5 0.000246536166856
-102.5 172.5 0.000246536166856
-102.5 177.5 0.000256397613530
-97.5 2.5 0.001479217001134
-97.5 7.5 0.002169518268330
-97.5 12.5 0.003619150929441
-97.5 17.5 0.004950446230462
-97.5 22.5 0.006449386124945
-97.5 27.5 0.008401952566441
-97.5 32.5 0.009200729747054
-97.5 37.5 0.009871308120901
-97.5 42.5 0.011449139588778
-97.5 47.5 0.015344411025097
-97.5 52.5 0.019742616241803
-97.5 57.5 0.022848971944184
-97.5 62.5 0.024032345545091
-97.5 67.5 0.024988905872491
-97.5 72.5 0.025422809526157
-97.5 77.5 0.025353779399438
-97.5 82.5 0.023953453971698
-97.5 87.5 0.021872688723436
-97.5 92.5 0.021330309156353
-97.5 97.5 0.020866821162665
-97.5 102.5 0.021064050096149
-97.5 107.5 0.020718899462551
-97.5 112.5 0.019742616241803
-97.5 117.5 0.018312706474040
-97.5 122.5 0.014930230264780
-97.5 127.5 0.009891031014250
-97.5 132.5 0.006183127064740
-97.5 137.5 0.004329175089986
-97.5 142.5 0.002751343622109
-97.5 147.5 0.001646861594596
-97.5 152.5 0.001173512154233
-97.5 157.5 0.000966421774074
-97.5 162.5 0.000917114540703
-97.5 167.5 0.000917114540703
-97.5 172.5 0.000976283220748
-97.5 177.5 0.001173512154233
-92.5 2.5 0.004368620876683
-92.5 7.5 0.006291602978157
-92.5 12.5 0.010206597307825
-92.5 17.5 0.014802031458015
-92.5 22.5 0.018480351067502
-92.5 27.5 0.021251417582959
-92.5 32.5 0.022069917656920
-92.5 37.5 0.022819387604162
-92.5 42.5 0.025255164932696
-92.5 47.5 0.031172032937232
-92.5 52.5 0.040254425324195
-92.5 57.5 0.047956215176766
-92.5 62.5 0.055529806222573
-92.5 67.5 0.063054090035008
-92.5 72.5 0.064996795029831
-92.5 77.5 0.064217740742567
-92.5 82.5 0.060174547606134
-92.5 87.5 0.057788077510971
-92.5 92.5 0.058813667965090
-92.5 97.5 0.059099649918643
-92.5 102.5 0.055914402642868
-92.5 107.5 0.054168926581530
-92.5 112.5 0.053695577141167
-92.5 117.5 0.047660371776540
-92.5 122.5 0.033430304225630
-92.5 127.5 0.021892411616784
-92.5 132.5 0.014910507371431
-92.5 137.5 0.009940338247621
-92.5 142.5 0.006449386124945
-92.5 147.5 0.004694048616932
-92.5 152.5 0.003668458162812
-92.5 157.5 0.002761205068784
-92.5 162.5 0.002376608648489
-92.5 167.5 0.002307578521769
-92.5 172.5 0.002711897835412
-92.5 177.5 0.003451506335979
-87.5 2.5 0.013796163897244
-87.5 7.5 0.021527538089838
-87.5 12.5 0.029101129135644
-87.5 17.5 0.035185641733642
-87.5 22.5 0.040777081997929
-87.5 27.5 0.043666485873478
-87.5 32.5 0.041220847098269
-87.5 37.5 0.038508949262857
-87.5 42.5 0.040106503624082
-87.5 47.5 0.048478871850500
-87.5 52.5 0.060509836793058
-87.5 57.5 0.074453922390415
-87.5 62.5 0.097707213648242
-87.5 67.5 0.125319264336078
-87.5 72.5 0.138247620925990
-87.5 77.5 0.142626103249347
-87.5 82.5 0.143572802130072
-87.5 87.5 0.137340367831961
-87.5 92.5 0.138711108919679
-87.5 97.5 0.140752428381244
-87.5 102.5 0.130733198560229
-87.5 107.5 0.121404270006410
-87.5 112.5 0.122952517134264
-87.5 117.5 0.108673142349983
-87.5 122.5 0.078161826339924
-87.5 127.5 0.050628667225482
-87.5 132.5 0.032414575218185
-87.5 137.5 0.023460381637986
-87.5 142.5 0.016429170159262
-87.5 147.5 0.011133573295202
-87.5 152.5 0.008510428479858
-87.5 157.5 0.006952319905330
-87.5 162.5 0.006262018638134
-87.5 167.5 0.006715645185149
-87.5 172.5 0.007583452492481
-87.5 177.5 0.009111976726986
-82.5 2.5 0.045441546274839
-82.5 7.5 0.065608204723633
-82.5 12.5 0.072422464375524
-82.5 17.5 0.070933385927716
-82.5 22.5 0.067472018145062
-82.5 27.5 0.062314481534441
-82.5 32.5 0.053074306000690
-82.5 37.5 0.044790690794340
-82.5 42.5 0.042502835165919
-82.5 47.5 0.047995660963463
-82.5 52.5 0.058813667965090
-82.5 57.5 0.077885705833046
-82.5 62.5 0.118228884177309
-82.5 67.5 0.174734973620630
-82.5 72.5 0.241684335091958
-82.5 77.5 0.288683989941324
-82.5 82.5 0.304176322666535
-82.5 87.5 0.298220008875302
-82.5 92.5 0.291474779350131
-82.5 97.5 0.298821557122430
-82.5 102.5 0.275765494798087
-82.5 107.5 0.244632907647552
-82.5 112.5 0.231162171490558
-82.5 117.5 0.198570090232237
-82.5 122.5 0.155653074306001
-82.5 127.5 0.111503377545486
-82.5 132.5 0.073369163256250
-82.5 137.5 0.046476998175632
-82.5 142.5 0.030698683496869
-82.5 147.5 0.023371628617918
-82.5 152.5 0.020137074108772
-82.5 157.5 0.018470489620827
-82.5 162.5 0.019614417435038
-82.5 167.5 0.022503821310586
-82.5 172.5 0.027020363887382
-82.5 177.5 0.030629653370149
-77.5 2.5 0.097273309994576
-77.5 7.5 0.117015926236379
-77.5 12.5 0.105793599921108
-77.5 17.5 0.082530447216607
-77.5 22.5 0.065203885409990
-77.5 27.5 0.051703564912973
-77.5 32.5 0.039080913169962
-77.5 37.5 0.031250924510626
-77.5 42.5 0.028617918248607
-77.5 47.5 0.031221340170603
-77.5 52.5 0.038331443222721
-77.5 57.5 0.056249691829791
-77.5 62.5 0.097973472708446
-77.5 67.5 0.186499679502983
-77.5 72.5 0.323199053301119
-77.5 77.5 0.427503574774419
-77.5 82.5 0.502085695971599
-77.5 87.5 0.504107292539816
-77.5 92.5 0.488910803214832
-77.5 97.5 0.485853754745821
-77.5 102.5 0.447739263349933
-77.5 107.5 0.424959321532469
-77.5 112.5 0.373236033726148
-77.5 117.5 0.311345594398698
-77.5 122.5 0.263300626201864
-77.5 127.5 0.188136679650905
-77.5 132.5 0.129579409299344
-77.5 137.5 0.083674375030817
-77.5 142.5 0.058813667965090
-77.5 147.5 0.050825896158967
-77.5 152.5 0.048853606824121
-77.5 157.5 0.049257926137764
-77.5 162.5 0.055648143582664
-77.5 167.5 0.072461910162221
-77.5 172.5 0.084699965484937
-77.5 177.5 0.083408115970613
-72.5 2.5 0.113949016320694
-72.5 7.5 0.108505497756521
-72.5 12.5 0.081297766382328
-72.5 17.5 0.053202504807455
-72.5 22.5 0.034495340466446
-72.5 27.5 0.024712785365613
-72.5 32.5 0.019219959568069
-72.5 37.5 0.015679700212021
-72.5 42.5 0.014141314530842
-72.5 47.5 0.016429170159262
-72.5 52.5 0.020462501849021
-72.5 57.5 0.029406833982545
-72.5 62.5 0.065923771017208
-72.5 67.5 0.168966027316207
-72.5 72.5 0.358434002268133
-72.5 77.5 0.552891869237217
-72.5 82.5 0.690261821409201
-72.5 87.5 0.754647206745230
-72.5 92.5 0.743868645530299
-72.5 97.5 0.717144125043144
-72.5 102.5 0.663616192495439
-72.5 107.5 0.616675706326118
-72.5 112.5 0.521167595286228
-72.5 117.5 0.404082638923130
-72.5 122.5 0.340732705487895
-72.5 127.5 0.279128248113998
-72.5 132.5 0.195739855036734
-72.5 137.5 0.139628223460382
-72.5 142.5 0.112795227059810
-72.5 147.5 0.107923672402741
-72.5 152.5 0.110675016024851
-72.5 157.5 0.118406390217445
-72.5 162.5 0.133573295202406
-72.5 167.5 0.160623243429811
-72.5 172.5 0.165810364380455
-72.5 177.5 0.132389921601499
-67.5 2.5 0.071603964301563
-67.5 7.5 0.054159065134855
-67.5 12.5 0.033795177752576
-67.5 17.5 0.019318574034811
-67.5 22.5 0.011143434741877
-67.5 27.5 0.007297470538928
-67.5 32.5 0.005749223411074
-67.5 37.5 0.005078645037227
-67.5 42.5 0.005118090823924
-67.5 47.5 0.006064789704650
-67.5 52.5 0.008056801932844
-67.5 57.5 0.012425422809526
-67.5 62.5 0.033321828312213
-67.5 67.5 0.118120408263892
-67.5 72.5 0.317084956363098
-67.5 77.5 0.596844337064247
-67.5 82.5 0.865627927616981
-67.5 87.5 0.960840195256644
-67.5 92.5 0.969754943050145
-67.5 97.5 0.949381194221192
-67.5 102.5 0.852847492727183
-67.5 107.5 0.757694393767566
-67.5 112.5 0.656072185789655
-67.5 117.5 0.500004930723337
-67.5 122.5 0.407169271732163
-67.5 127.5 0.324362704008678
-67.5 132.5 0.266663379517775
-67.5 137.5 0.209447265913910
-67.5 142.5 0.185158522755288
-67.5 147.5 0.185178245648637
-67.5 152.5 0.195887776736847
-67.5 157.5 0.212997386716631
-67.5 162.5 0.228864454415463
-67.5 167.5 0.226744243380504
-67.5 172.5 0.178965534243874
-67.5 177.5 0.113160100586756
-62.5 2.5 0.026122972240028
-62.5 7.5 0.017208224446526
-62.5 12.5 0.009309205660470
-62.5 17.5 0.004615157043538
-62.5 22.5 0.002455500221883
-62.5 27.5 0.001489078447808
-62.5 32.5 0.001429909767763
-62.5 37.5 0.001469355554460
-62.5 42.5 0.001548247127854
-62.5 47.5 0.001932843548149
-62.5 52.5 0.002711897835412
-62.5 57.5 0.004644741383561
-62.5 62.5 0.016468615945959
-62.5 67.5 0.062846999654849
-62.5 72.5 0.219308712588137
-62.5 77.5 0.511217395591933
-62.5 82.5 0.808283615206351
-62.5 87.5 0.974429268773729
-62.5 92.5 1.000000000000000
-62.5 97.5 0.997593807011489
-62.5 102.5 0.942566934569301
-62.5 107.5 0.831280508850648
-62.5 112.5 0.710546817218086
-62.5 117.5 0.571135545584537
-62.5 122.5 0.435530792367240
-62.5 127.5 0.328474927271831
-62.5 132.5 0.275390759824466
-62.5 137.5 0.254829643508703
-62.5 142.5 0.250599082885459
-62.5 147.5 0.264710813076278
-62.5 152.5 0.280400374734974
-62.5 157.5 0.281780977269365
-62.5 162.5 0.247936492283418
-62.5 167.5 0.181618263399241
-62.5 172.5 0.111503377545486
-62.5 177.5 0.052827769833835
-57.5 2.5 0.006449386124945
-57.5 7.5 0.003599428036093
-57.5 12.5 0.001508801341157
-57.5 17.5 0.000779054287264
-57.5 22.5 0.000197228933485
-57.5 27.5 0.000059168680045
-57.5 32.5 0.000088753020068
-57.5 37.5 0.000167644593462
-57.5 42.5 0.000226813273507
-57.5 47.5 0.000364873526946
-57.5 52.5 0.000818500073961
-57.5 57.5 0.001883536314777
-57.5 62.5 0.007277747645580
-57.5 67.5 0.029653370149401
-57.5 72.5 0.122735565307431
-57.5 77.5 0.328622848971944
-57.5 82.5 0.583491938267344
-57.5 87.5 0.757931068487747
-57.5 92.5 0.851121739559193
-57.5 97.5 0.861673487500616
-57.5 102.5 0.803372614762586
-57.5 107.5 0.728879246585474
-57.5 112.5 0.632404713771510
-57.5 117.5 0.517962625117105
-57.5 122.5 0.408796410433411
-57.5 127.5 0.315674769488684
-57.5 132.5 0.236122479167694
-57.5 137.5 0.219535525861644
-57.5 142.5 0.227385237414329
-57.5 147.5 0.247423697056358
-57.5 152.5 0.243745377446871
-57.5 157.5 0.203905132882994
-57.5 162.5 0.143977121443716
-57.5 167.5 0.086504610226320
-57.5 172.5 0.040550268724422
-57.5 177.5 0.017237808786549
-52.5 2.5 0.001252403727627
-52.5 7.5 0.000315566293575
-52.5 12.5 0.000049307233371
-52.5 17.5 0.000019722893348
-52.5 22.5 0.000009861446674
-52.5 37.5 0.000009861446674
-52.5 42.5 0.000019722893348
-52.5 47.5 0.000039445786697
-52.5 52.5 0.000078891573394
-52.5 57.5 0.000650855480499
-52.5 62.5 0.002928849662245
-52.5 67.5 0.012494452936246
-52.5 72.5 0.052896799960554
-52.5 77.5 0.150604013608796
-52.5 82.5 0.299659780089739
-52.5 87.5 0.391341649820029
-52.5 92.5 0.467708692865243
-52.5 97.5 0.504738425126966
-52.5 102.5 0.524826192002367
-52.5 107.5 0.516049504462305
-52.5 112.5 0.464296632315961
-52.5 117.5 0.396272373157142
-52.5 122.5 0.318721956511020
-52.5 127.5 0.237749617868941
-52.5 132.5 0.165613135446970
-52.5 137.5 0.145949410778561
-52.5 142.5 0.139273211380109
-52.5 147.5 0.133494403629012
-52.5 152.5 0.112962871653272
-52.5 157.5 0.080982200088753
-52.5 162.5 0.049001528524235
-52.5 167.5 0.023923869631675
-52.5 172.5 0.010275627434545
-52.5 177.5 0.004072777476456
-47.5 2.5 0.000019722893348
-47.5 7.5 0.000009861446674
-47.5 52.5 0.000029584340023
-47.5 57.5 0.000197228933485
-47.5 62.5 0.001262265174301
-47.5 67.5 0.005443518564173
-47.5 72.5 0.021626152556580
-47.5 77.5 0.056515950889996
-47.5 82.5 0.096947882254327
-47.5 87.5 0.119333366204822
-47.5 92.5 0.147941423006755
-47.5 97.5 0.181361865785711
-47.5 102.5 0.233647256052463
-47.5 107.5 0.277629308219516
-47.5 112.5 0.273743898229870
-47.5 117.5 0.241851979685420
-47.5 122.5 0.191657216113604
-47.5 127.5 0.134214289236231
-47.5 132.5 0.091701592623638
-47.5 137.5 0.074473645283763
-47.5 142.5 0.061989053794192
-47.5 147.5 0.048863468270795
-47.5 152.5 0.032720280065086
-47.5 157.5 0.020570977762438
-47.5 162.5 0.011764705882353
-47.5 167.5 0.005118090823924
-47.5 172.5 0.001834229081406
-47.5 177.5 0.000246536166856
-42.5 52.5 0.000019722893348
-42.5 57.5 0.000069030126720
-42.5 62.5 0.000838222967309
-42.5 67.5 0.002869680982200
-42.5 72.5 0.008411814013116
-42.5 77.5 0.018835363147774
-42.5 82.5 0.026320201173512
-42.5 87.5 0.030353532863271
-42.5 92.5 0.040678467531187
-42.5 97.5 0.057906414871062
-42.5 102.5 0.078871850500468
-42.5 107.5 0.096060352053646
-42.5 112.5 0.101355948917706
-42.5 117.5 0.103890340712983
-42.5 122.5 0.089344706868498
-42.5 127.5 0.062965337014940
-42.5 132.5 0.040855973571323
-42.5 137.5 0.029712538829446
-42.5 142.5 0.022129086336966
-42.5 147.5 0.016478477392634
-42.5 152.5 0.009397958680538
-42.5 157.5 0.004920861890439
-42.5 162.5 0.002603421921996
-42.5 167.5 0.001104482027513
-42.5 172.5 0.000138060253439
-42.5 177.5 0.000009861446674
-37.5 57.5 0.000029584340023
-37.5 62.5 0.000276120506878
-37.5 67.5 0.001163650707559
-37.5 72.5 0.002988018342291
-37.5 77.5 0.005433657117499
-37.5 82.5 0.007928603126079
-37.5 87.5 0.009950199694295
-37.5 92.5 0.012750850549776
-37.5 97.5 0.018362013707411
-37.5 102.5 0.024091514225137
-37.5 107.5 0.027582466347813
-37.5 112.5 0.031596075144224
-37.5 117.5 0.035511069473892
-37.5 122.5 0.033459888565653
-37.5 127.5 0.025235442039347
-37.5 132.5 0.017010995513042
-37.5 137.5 0.010729253981559
-37.5 142.5 0.007001627138701
-37.5 147.5 0.004457373896751
-37.5 152.5 0.002465361668557
-37.5 157.5 0.001134066367536
-37.5 162.5 0.000512795227060
-37.5 167.5 0.000059168680045
-37.5 172.5 0.000019722893348
-32.5 62.5 0.000039445786697
-32.5 67.5 0.000364873526946
-32.5 72.5 0.000966421774074
-32.5 77.5 0.001646861594596
-32.5 82.5 0.002711897835412
-32.5 87.5 0.003688181056161
-32.5 92.5 0.004841970317046
-32.5 97.5 0.006094374044672
-32.5 102.5 0.007899018786056
-32.5 107.5 0.009200729747054
-32.5 112.5 0.011192741975248
-32.5 117.5 0.012267639662739
-32.5 122.5 0.011330802228687
-32.5 127.5 0.008175139292934
-32.5 132.5 0.004851831763720
-32.5 137.5 0.003175385829101
-32.5 142.5 0.001696168827967
-32.5 147.5 0.001015729007445
-32.5 152.5 0.000394457866969
-32.5 157.5 0.000078891573394
-32.5 162.5 0.000019722893348
-32.5 167.5 0.000009861446674
-27.5 62.5 0.000009861446674
-27.5 67.5 0.000039445786697
-27.5 72.5 0.000157783146788
-27.5 77.5 0.000424042206992
-27.5 82.5 0.000877668754006
-27.5 87.5 0.001281988067650
-27.5 92.5 0.001873674868103
-27.5 97.5 0.002721759282087
-27.5 102.5 0.003490952122676
-27.5 107.5 0.003845964202949
-27.5 112.5 0.003924855776342
-27.5 117.5 0.003727626842858
-27.5 122.5 0.003066909915685
-27.5 127.5 0.001853951974755
-27.5 132.5 0.001045313347468
-27.5 137.5 0.000562102460431
-27.5 142.5 0.000315566293575
-27.5 147.5 0.000118337360091
-27.5 152.5 0.000039445786697
-27.5 157.5 0.000019722893348
-22.5 67.5 0.000019722893348
-22.5 72.5 0.000039445786697
-22.5 77.5 0.000059168680045
-22.5 82.5 0.000177506040136
-22.5 87.5 0.000433903653666
-22.5 92.5 0.000857945860658
-22.5 97.5 0.001045313347468
-22.5 102.5 0.001183373600907
-22.5 107.5 0.001183373600907
-22.5 112.5 0.001065036240817
-22.5 117.5 0.000887530200680
-22.5 122.5 0.000562102460431
-22.5 127.5 0.000276120506878
-22.5 132.5 0.000118337360091
-22.5 137.5 0.000049307233371
-22.5 142.5 0.000039445786697
-22.5 147.5 0.000019722893348
-17.5 72.5 0.000019722893348
-17.5 77.5 0.000029584340023
-17.5 82.5 0.000039445786697
-17.5 87.5 0.000059168680045
-17.5 92.5 0.000147921700113
-17.5 97.5 0.000226813273507
-17.5 102.5 0.000276120506878
-17.5 107.5 0.000246536166856
-17.5 112.5 0.000167644593462
-17.5 117.5 0.000059168680045
-17.5 122.5 0.000039445786697
-17.5 127.5 0.000019722893348
-17.5 132.5 0.000019722893348
-12.5 72.5 0.000019722893348
-12.5 77.5 0.000019722893348
-12.5 82.5 0.000029584340023
-12.5 87.5 0.000039445786697
-12.5 92.5 0.000039445786697
-12.5 97.5 0.000039445786697
-12.5 102.5 0.000039445786697
-12.5 107.5 0.000039445786697
-12.5 112.5 0.000029584340023
-12.5 117.5 0.000019722893348
-12.5 122.5 0.000009861446674
-7.5 67.5 0.000009861446674
-7.5 72.5 0.000019722893348
-7.5 77.5 0.000019722893348
-7.5 82.5 0.000029584340023
-7.5 87.5 0.000019722893348
-7.5 92.5 0.000019722893348
-7.5 97.5 0.000019722893348
-7.5 102.5 0.000019722893348
-7.5 107.5 0.000009861446674
-2.5 62.5 0.000019722893348
-2.5 67.5 0.000019722893348
-2.5 72.5 0.000019722893348
-2.5 77.5 0.000019722893348
-2.5 82.5 0.000019722893348
-2.5 87.5 0.000019722893348
-2.5 92.5 0.000019722893348
-2.5 97.5 0.000019722893348
2.5 52.5 0.000019722893348
2.5 57.5 0.000019722893348
2.5 62.5 0.000029584340023
2.5 67.5 0.000039445786697
2.5 72.5 0.000039445786697
2.5 77.5 0.000039445786697
2.5 82.5 0.000029584340023
2.5 87.5 0.000029584340023
2.5 92.5 0.000019722893348
2.5 97.5 0.000009861446674
7.5 47.5 0.000019722893348
7.5 52.5 0.000029584340023
7.5 57.5 0.000039445786697
7.5 62.5 0.000059168680045
7.5 67.5 0.000059168680045
7.5 72.5 0.000059168680045
7.5 77.5 0.000059168680045
7.5 82.5 0.000039445786697
7.5 87.5 0.000039445786697
7.5 92.5 0.000019722893348
7.5 97.5 0.000019722893348
12.5 42.5 0.000019722893348
12.5 47.5 0.000039445786697
12.5 52.5 0.000059168680045
12.5 57.5 0.000118337360091
12.5 62.5 0.000167644593462
12.5 67.5 0.000177506040136
12.5 72.5 0.000197228933485
12.5 77.5 0.000167644593462
12.5 82.5 0.000118337360091
12.5 87.5 0.000059168680045
12.5 92.5 0.000039445786697
12.5 97.5 0.000019722893348
12.5 102.5 0.000009861446674
17.5 37.5 0.000019722893348
17.5 42.5 0.000039445786697
17.5 47.5 0.000059168680045
17.5 52.5 0.000138060253439
17.5 57.5 0.000236674720181
17.5 62.5 0.000414180760318
17.5 67.5 0.000591686800454
17.5 72.5 0.000808638627287
17.5 77.5 0.000650855480499
17.5 82.5 0.000424042206992
17.5 87.5 0.000187367486810
17.5 92.5 0.000069030126720
17.5 97.5 0.000039445786697
17.5 102.5 0.000019722893348
17.5 107.5 0.000009861446674
22.5 32.5 0.000019722893348
22.5 37.5 0.000029584340023
22.5 42.5 0.000059168680045
22.5 47.5 0.000167644593462
22.5 52.5 0.000364873526946
22.5 57.5 0.000680439820522
22.5 62.5 0.001035451900794
22.5 67.5 0.001390463981066
22.5 72.5 0.001617277254573
22.5 77.5 0.001548247127854
22.5 82.5 0.001262265174301
22.5 87.5 0.000926975987377
22.5 92.5 0.000562102460431
22.5 97.5 0.000246536166856
22.5 102.5 0.000078891573394
22.5 107.5 0.000029584340023
22.5 112.5 0.000009861446674
27.5 27.5 0.000019722893348
27.5 32.5 0.000019722893348
27.5 37.5 0.000039445786697
27.5 42.5 0.000138060253439
27.5 47.5 0.000414180760318
27.5 52.5 0.000857945860658
27.5 57.5 0.001281988067650
27.5 62.5 0.002238548395050
27.5 67.5 0.003441644889305
27.5 72.5 0.004033331689759
27.5 77.5 0.004141807603175
27.5 82.5 0.003776934076229
27.5 87.5 0.003057048469010
27.5 92.5 0.002179379715004
27.5 97.5 0.001370741087718
27.5 102.5 0.000798777180612
27.5 107.5 0.000138060253439
27.5 112.5 0.000029584340023
32.5 17.5 0.000009861446674
32.5 22.5 0.000019722893348
32.5 27.5 0.000029584340023
32.5 32.5 0.000039445786697
32.5 37.5 0.000108475913416
32.5 42.5 0.000345150633598
32.5 47.5 0.000857945860658
32.5 52.5 0.001291849514324
32.5 57.5 0.002583699028648
32.5 62.5 0.004408066663380
32.5 67.5 0.006439524678270
32.5 72.5 0.008707657413343
32.5 77.5 0.010295350327893
32.5 82.5 0.010571470834771
32.5 87.5 0.009259898427099
32.5 92.5 0.006400078891573
32.5 97.5 0.004270006409940
32.5 102.5 0.002199102608353
32.5 107.5 0.000838222967309
32.5 112.5 0.000059168680045
32.5 117.5 0.000019722893348
37.5 2.5 0.000009861446674
37.5 7.5 0.000019722893348
37.5 12.5 0.000019722893348
37.5 17.5 0.000029584340023
37.5 22.5 0.000039445786697
37.5 27.5 0.000049307233371
37.5 32.5 0.000078891573394
37.5 37.5 0.000197228933485
37.5 42.5 0.000601548247128
37.5 47.5 0.001143927814210
37.5 52.5 0.002100488141610
37.5 57.5 0.004181253389872
37.5 62.5 0.007386223558996
37.5 67.5 0.012277501109413
37.5 72.5 0.019269266801440
37.5 77.5 0.025817267393127
37.5 82.5 0.029840737636211
37.5 87.5 0.027118978354125
37.5 92.5 0.019851092155219
37.5 97.5 0.011518169715497
37.5 102.5 0.005778807751097
37.5 107.5 0.002425915881860
37.5 112.5 0.000611409693802
37.5 117.5 0.000059168680045
37.5 122.5 0.000019722893348
42.5 2.5 0.000039445786697
42.5 7.5 0.000059168680045
42.5 12.5 0.000059168680045
42.5 17.5 0.000078891573394
42.5 22.5 0.000088753020068
42.5 27.5 0.000118337360091
42.5 32.5 0.000177506040136
42.5 37.5 0.000414180760318
42.5 42.5 0.000887530200680
42.5 47.5 0.001489078447808
42.5 52.5 0.003037325575662
42.5 57.5 0.005344904097431
42.5 62.5 0.010679946748188
42.5 67.5 0.020265272915537
42.5 72.5 0.035787189980770
42.5 77.5 0.059503969232286
42.5 82.5 0.079019772200582
42.5 87.5 0.080992061535427
42.5 92.5 0.057393619644002
42.5 97.5 0.028982791775553
42.5 102.5 0.015058429071545
42.5 107.5 0.005690054731029
42.5 112.5 0.001666584487944
42.5 117.5 0.000601548247128
42.5 122.5 0.000059168680045
42.5 127.5 0.000019722893348
42.5 172.5 0.000019722893348
42.5 177.5 0.000029584340023
47.5 2.5 0.000167644593462
47.5 7.5 0.000197228933485
47.5 12.5 0.000226813273507
47.5 17.5 0.000197228933485
47.5 22.5 0.000197228933485
47.5 27.5 0.000216951826833
47.5 32.5 0.000315566293575
47.5 37.5 0.000552241013757
47.5 42.5 0.001015729007445
47.5 47.5 0.001804644741384
47.5 52.5 0.003559982249396
47.5 57.5 0.006429663231596
47.5 62.5 0.015009121838174
47.5 67.5 0.030264779843203
47.5 72.5 0.067876337458705
47.5 77.5 0.119737685518466
47.5 82.5 0.172654208372368
47.5 87.5 0.192337655934126
47.5 92.5 0.142488042995908
47.5 97.5 0.073319856022879
47.5 102.5 0.031753858291011
47.5 107.5 0.013845471130615
47.5 112.5 0.004122084709827
47.5 117.5 0.001351018194369
47.5 122.5 0.000424042206992
47.5 127.5 0.000049307233371
47.5 132.5 0.000019722893348
47.5 162.5 0.000019722893348
47.5 167.5 0.000029584340023
47.5 172.5 0.000049307233371
47.5 177.5 0.000118337360091
52.5 2.5 0.000414180760318
52.5 7.5 0.000424042206992
52.5 12.5 0.000424042206992
52.5 17.5 0.000374734973621
52.5 22.5 0.000335289186924
52.5 27.5 0.000325427740249
52.5 32.5 0.000414180760318
52.5 37.5 0.000680439820522
52.5 42.5 0.001065036240817
52.5 47.5 0.001913120654800
52.5 52.5 0.003717765396184
52.5 57.5 0.007514422365761
52.5 62.5 0.018105616093881
52.5 67.5 0.041871702578768
52.5 72.5 0.102657659878704
52.5 77.5 0.198362999852078
52.5 82.5 0.321088703712835
52.5 87.5 0.369074503229624
52.5 92.5 0.306641684335092
52.5 97.5 0.163315418371875
52.5 102.5 0.074414476603718
52.5 107.5 0.027612050687836
52.5 112.5 0.009013362260244
52.5 117.5 0.003185247275775
52.5 122.5 0.000966421774074
52.5 127.5 0.000177506040136
52.5 132.5 0.000039445786697
52.5 137.5 0.000029584340023
52.5 142.5 0.000019722893348
52.5 147.5 0.000019722893348
52.5 152.5 0.000019722893348
52.5 157.5 0.000039445786697
52.5 162.5 0.000059168680045
52.5 167.5 0.000118337360091
52.5 172.5 0.000197228933485
52.5 177.5 0.000325427740249
57.5 2.5 0.000601548247128
57.5 7.5 0.000601548247128
57.5 12.5 0.000552241013757
57.5 17.5 0.000443765100340
57.5 22.5 0.000384596420295
57.5 27.5 0.000364873526946
57.5 32.5 0.000424042206992
57.5 37.5 0.000680439820522
57.5 42.5 0.001045313347468
57.5 47.5 0.001853951974755
57.5 52.5 0.003727626842858
57.5 57.5 0.007948326019427
57.5 62.5 0.019387604161530
57.5 67.5 0.045954341501898
57.5 72.5 0.115152112814950
57.5 77.5 0.251841625166412
57.5 82.5 0.399743602386470
57.5 87.5 0.500823430797298
57.5 92.5 0.470607958187466
57.5 97.5 0.331640451654258
57.5 102.5 0.157447857600710
57.5 107.5 0.058991174005227
57.5 112.5 0.018085893200533
57.5 117.5 0.005759084857749
57.5 122.5 0.001844090528080
57.5 127.5 0.000552241013757
57.5 132.5 0.000167644593462
57.5 137.5 0.000118337360091
57.5 142.5 0.000098614466742
57.5 147.5 0.000108475913416
57.5 152.5 0.000118337360091
57.5 157.5 0.000147921700113
57.5 162.5 0.000197228933485
57.5 167.5 0.000325427740249
57.5 172.5 0.000433903653666
57.5 177.5 0.000552241013757
62.5 2.5 0.000818500073961
62.5 7.5 0.000769192840590
62.5 12.5 0.000562102460431
62.5 17.5 0.000433903653666
62.5 22.5 0.000345150633598
62.5 27.5 0.000246536166856
62.5 32.5 0.000335289186924
62.5 37.5 0.000532518120408
62.5 42.5 0.000936837434052
62.5 47.5 0.001637000147922
62.5 52.5 0.003668458162812
62.5 57.5 0.007889157339382
62.5 62.5 0.019219959568069
62.5 67.5 0.042788817119471
62.5 72.5 0.102657659878704
62.5 77.5 0.225758098713081
62.5 82.5 0.401331295301021
62.5 87.5 0.562723731571422
62.5 92.5 0.605177259503969
62.5 97.5 0.468704698979340
62.5 102.5 0.271091169074503
62.5 107.5 0.092727183077758
62.5 112.5 0.028233321828312
62.5 117.5 0.009812139440856
62.5 122.5 0.003520536462699
62.5 127.5 0.001281988067650
62.5 132.5 0.000818500073961
62.5 137.5 0.000522656673734
62.5 142.5 0.000443765100340
62.5 147.5 0.000433903653666
62.5 152.5 0.000424042206992
62.5 157.5 0.000424042206992
62.5 162.5 0.000433903653666
62.5 167.5 0.000532518120408
62.5 172.5 0.000631132587151
62.5 177.5 0.000808638627287
67.5 2.5 0.000808638627287
67.5 7.5 0.000601548247128
67.5 12.5 0.000473349440363
67.5 17.5 0.000364873526946
67.5 22.5 0.000207090380159
67.5 27.5 0.000167644593462
67.5 32.5 0.000177506040136
67.5 37.5 0.000295843400227
67.5 42.5 0.000680439820522
67.5 47.5 0.001331295301021
67.5 52.5 0.003244415955821
67.5 57.5 0.006695922291800
67.5 62.5 0.016340417139194
67.5 67.5 0.033795177752576
67.5 72.5 0.075726049011390
67.5 77.5 0.164765051032987
67.5 82.5 0.327893101918051
67.5 87.5 0.490251959962527
67.5 92.5 0.582959420146936
67.5 97.5 0.482707953256743
67.5 102.5 0.295784231546768
67.5 107.5 0.118248607070657
67.5 112.5 0.041210985651595
67.5 117.5 0.015965682165574
67.5 122.5 0.005709777624377
67.5 127.5 0.002761205068784
67.5 132.5 0.001577831467876
67.5 137.5 0.001134066367536
67.5 142.5 0.000966421774074
67.5 147.5 0.000926975987377
67.5 152.5 0.000867807307332
67.5 157.5 0.000818500073961
67.5 162.5 0.000680439820522
67.5 167.5 0.000680439820522
67.5 172.5 0.000808638627287
67.5 177.5 0.000818500073961
72.5 2.5 0.000532518120408
72.5 7.5 0.000424042206992
72.5 12.5 0.000285981953553
72.5 17.5 0.000177506040136
72.5 22.5 0.000088753020068
72.5 27.5 0.000049307233371
72.5 32.5 0.000059168680045
72.5 37.5 0.000138060253439
72.5 42.5 0.000325427740249
72.5 47.5 0.000946698880726
72.5 52.5 0.002307578521769
72.5 57.5 0.005098367930575
72.5 62.5 0.010522163601400
72.5 67.5 0.020807652482619
72.5 72.5 0.043508702726690
72.5 77.5 0.097509984714758
72.5 82.5 0.193994378975396
72.5 87.5 0.321867758000099
72.5 92.5 0.398954686652532
72.5 97.5 0.376736847295498
72.5 102.5 0.256407474976579
72.5 107.5 0.120644938612494
72.5 112.5 0.052176914353336
72.5 117.5 0.020718899462551
72.5 122.5 0.008825994773433
72.5 127.5 0.004467235343425
72.5 132.5 0.002800650855480
72.5 137.5 0.001834229081406
72.5 142.5 0.001351018194369
72.5 147.5 0.001153789260885
72.5 152.5 0.001035451900794
72.5 157.5 0.000926975987377
72.5 162.5 0.000838222967309
72.5 167.5 0.000700162713870
72.5 172.5 0.000631132587151
72.5 177.5 0.000591686800454
77.5 2.5 0.000285981953553
77.5 7.5 0.000197228933485
77.5 12.5 0.000118337360091
77.5 17.5 0.000059168680045
77.5 22.5 0.000039445786697
77.5 27.5 0.000019722893348
77.5 32.5 0.000019722893348
77.5 37.5 0.000039445786697
77.5 42.5 0.000108475913416
77.5 47.5 0.000424042206992
77.5 52.5 0.001262265174301
77.5 57.5 0.003441644889305
77.5 62.5 0.005897145111188
77.5 67.5 0.010630639514817
77.5 72.5 0.020501947635718
77.5 77.5 0.044780829347665
77.5 82.5 0.090143484049110
77.5 87.5 0.155485429712539
77.5 92.5 0.230481731670036
77.5 97.5 0.247463142843055
77.5 102.5 0.170642473250826
77.5 107.5 0.094166954292195
77.5 112.5 0.047325082589616
77.5 117.5 0.021685321236625
77.5 122.5 0.010679946748188
77.5 127.5 0.005443518564173
77.5 132.5 0.003629012376116
77.5 137.5 0.002396331541837
77.5 142.5 0.001597554361225
77.5 147.5 0.001262265174301
77.5 152.5 0.001114343474188
77.5 157.5 0.000926975987377
77.5 162.5 0.000818500073961
77.5 167.5 0.000552241013757
77.5 172.5 0.000433903653666
77.5 177.5 0.000414180760318
82.5 2.5 0.000118337360091
82.5 7.5 0.000059168680045
82.5 12.5 0.000039445786697
82.5 17.5 0.000019722893348
82.5 22.5 0.000009861446674
82.5 37.5 0.000019722893348
82.5 42.5 0.000039445786697
82.5 47.5 0.000118337360091
82.5 52.5 0.000581825353779
82.5 57.5 0.001508801341157
82.5 62.5 0.003323307529215
82.5 67.5 0.005127952270598
82.5 72.5 0.009309205660470
82.5 77.5 0.019634140328386
82.5 82.5 0.039524678270302
82.5 87.5 0.074976579064149
82.5 92.5 0.114274444060944
82.5 97.5 0.123169468961097
82.5 102.5 0.092875104777871
82.5 107.5 0.056999161777033
82.5 112.5 0.031063557023815
82.5 117.5 0.017997140180464
82.5 122.5 0.009536018933978
82.5 127.5 0.005295596864060
82.5 132.5 0.003658596716138
82.5 137.5 0.002396331541837
82.5 142.5 0.001548247127854
82.5 147.5 0.001183373600907
82.5 152.5 0.000996006114097
82.5 157.5 0.000838222967309
82.5 162.5 0.000532518120408
82.5 167.5 0.000374734973621
82.5 172.5 0.000236674720181
82.5 177.5 0.000167644593462
87.5 2.5 0.000039445786697
87.5 7.5 0.000019722893348
87.5 12.5 0.000009861446674
87.5 42.5 0.000009861446674
87.5 47.5 0.000039445786697
87.5 52.5 0.000167644593462
87.5 57.5 0.000798777180612
87.5 62.5 0.001410186874414
87.5 67.5 0.002751343622109
87.5 72.5 0.004467235343425
87.5 77.5 0.008125832059563
87.5 82.5 0.017257531679897
87.5 87.5 0.030264779843203
87.5 92.5 0.043873576253636
87.5 97.5 0.046368522262216
87.5 102.5 0.035668852620679
87.5 107.5 0.024791676939007
87.5 112.5 0.017306838913269
87.5 117.5 0.010679946748188
87.5 122.5 0.006192988511415
87.5 127.5 0.004161530496524
87.5 132.5 0.002761205068784
87.5 137.5 0.001755337508012
87.5 142.5 0.001183373600907
87.5 147.5 0.000966421774074
87.5 152.5 0.000818500073961
87.5 157.5 0.000443765100340
87.5 162.5 0.000246536166856
87.5 167.5 0.000157783146788
87.5 172.5 0.000078891573394
87.5 177.5 0.000049307233371
92.5 2.5 0.000019722893348
92.5 47.5 0.000019722893348
92.5 52.5 0.000039445786697
92.5 57.5 0.000197228933485
92.5 62.5 0.000680439820522
92.5 67.5 0.001281988067650
92.5 72.5 0.002425915881860
92.5 77.5 0.004112223263153
92.5 82.5 0.006745229525171
92.5 87.5 0.011606922735565
92.5 92.5 0.015630392978650
92.5 97.5 0.015886790592180
92.5 102.5 0.012879049356541
92.5 107.5 0.009486711700606
92.5 112.5 0.006557862038361
92.5 117.5 0.004743355850303
92.5 122.5 0.003510675016025
92.5 127.5 0.002277994181746
92.5 132.5 0.001498939894483
92.5 137.5 0.001045313347468
92.5 142.5 0.000838222967309
92.5 147.5 0.000512795227060
92.5 152.5 0.000276120506878
92.5 157.5 0.000138060253439
92.5 162.5 0.000059168680045
92.5 167.5 0.000039445786697
92.5 172.5 0.000029584340023
92.5 177.5 0.000019722893348
97.5 52.5 0.000019722893348
97.5 57.5 0.000049307233371
97.5 62.5 0.000226813273507
97.5 67.5 0.000749469947241
97.5 72.5 0.001183373600907
97.5 77.5 0.002011735121542
97.5 82.5 0.003313446082540
97.5 87.5 0.004477096790099
97.5 92.5 0.005384349884128
97.5 97.5 0.005384349884128
97.5 102.5 0.004664464276909
97.5 107.5 0.003688181056161
97.5 112.5 0.002465361668557
97.5 117.5 0.001676445934619
97.5 122.5 0.001183373600907
97.5 127.5 0.000926975987377
97.5 132.5 0.000581825353779
97.5 137.5 0.000364873526946
97.5 142.5 0.000177506040136
97.5 147.5 0.000118337360091
97.5 152.5 0.000049307233371
97.5 157.5 0.000029584340023
97.5 162.5 0.000019722893348
97.5 167.5 0.000009861446674
102.5 57.5 0.000019722893348
102.5 62.5 0.000059168680045
102.5 67.5 0.000246536166856
102.5 72.5 0.000631132587151
102.5 77.5 0.000996006114097
102.5 82.5 0.001291849514324
102.5 87.5 0.001735614614664
102.5 92.5 0.002061042354913
102.5 97.5 0.002051180908239
102.5 102.5 0.001715891721316
102.5 107.5 0.001183373600907
102.5 112.5 0.000838222967309
102.5 117.5 0.000414180760318
102.5 122.5 0.000216951826833
102.5 127.5 0.000138060253439
102.5 132.5 0.000059168680045
102.5 137.5 0.000039445786697
102.5 142.5 0.000029584340023
102.5 147.5 0.000019722893348
102.5 152.5 0.000009861446674
107.5 57.5 0.000019722893348
107.5 62.5 0.000039445786697
107.5 67.5 0.000078891573394
107.5 72.5 0.000207090380159
107.5 77.5 0.000414180760318
107.5 82.5 0.000562102460431
107.5 87.5 0.000818500073961
107.5 92.5 0.000867807307332
107.5 97.5 0.000857945860658
107.5 102.5 0.000552241013757
107.5 107.5 0.000236674720181
107.5 112.5 0.000059168680045
107.5 117.5 0.000039445786697
107.5 122.5 0.000029584340023
107.5 127.5 0.000019722893348
107.5 132.5 0.000019722893348
112.5 57.5 0.000009861446674
112.5 62.5 0.000019722893348
112.5 67.5 0.000039445786697
112.5 72.5 0.000069030126720
112.5 77.5 0.000138060253439
112.5 82.5 0.000177506040136
112.5 87.5 0.000197228933485
112.5 92.5 0.000197228933485
112.5 97.5 0.000138060253439
112.5 102.5 0.000059168680045
112.5 107.5 0.000039445786697
112.5 112.5 0.000019722893348
112.5 117.5 0.000019722893348
117.5 62.5 0.000019722893348
117.5 67.5 0.000039445786697
117.5 72.5 0.000049307233371
117.5 77.5 0.000059168680045
117.5 82.5 0.000088753020068
117.5 87.5 0.000078891573394
117.5 92.5 0.000059168680045
117.5 97.5 0.000039445786697
117.5 102.5 0.000029584340023
117.5 107.5 0.000019722893348
117.5 112.5 0.000009861446674
122.5 57.5 0.000009861446674
122.5 62.5 0.000019722893348
122.5 67.5 0.000039445786697
122.5 72.5 0.000059168680045
122.5 77.5 0.000118337360091
122.5 82.5 0.000118337360091
122.5 87.5 0.000078891573394
122.5 92.5 0.000049307233371
122.5 97.5 0.000039445786697
122.5 102.5 0.000019722893348
122.5 107.5 0.000009861446674
127.5 52.5 0.000009861446674
127.5 57.5 0.000029584340023
127.5 62.5 0.000059168680045
127.5 67.5 0.000138060253439
127.5 72.5 0.000226813273507
127.5 77.5 0.000246536166856
127.5 82.5 0.000246536166856
127.5 87.5 0.000177506040136
127.5 92.5 0.000088753020068
127.5 97.5 0.000039445786697
127.5 102.5 0.000019722893348
127.5 107.5 0.000009861446674
132.5 47.5 0.000009861446674
132.5 52.5 0.000039445786697
132.5 57.5 0.000118337360091
132.5 62.5 0.000315566293575
132.5 67.5 0.000562102460431
132.5 72.5 0.000818500073961
132.5 77.5 0.000818500073961
132.5 82.5 0.000631132587151
132.5 87.5 0.000424042206992
132.5 92.5 0.000207090380159
132.5 97.5 0.000059168680045
132.5 102.5 0.000029584340023
132.5 107.5 0.000009861446674
137.5 42.5 0.000019722893348
137.5 47.5 0.000059168680045
137.5 52.5 0.000197228933485
137.5 57.5 0.000532518120408
137.5 62.5 0.000966421774074
137.5 67.5 0.001331295301021
137.5 72.5 0.001676445934619
137.5 77.5 0.001696168827967
137.5 82.5 0.001360879641043
137.5 87.5 0.000976283220748
137.5 92.5 0.000562102460431
137.5 97.5 0.000177506040136
137.5 102.5 0.000039445786697
137.5 107.5 0.000019722893348
142.5 32.5 0.000019722893348
142.5 37.5 0.000059168680045
142.5 42.5 0.000364873526946
142.5 47.5 0.000838222967309
142.5 52.5 0.001035451900794
142.5 57.5 0.001429909767763
142.5 62.5 0.002396331541837
142.5 67.5 0.003678319609487
142.5 72.5 0.004575711256841
142.5 77.5 0.004546126916819
142.5 82.5 0.003619150929441
142.5 87.5 0.002031458014891
142.5 92.5 0.001163650707559
142.5 97.5 0.000532518120408
142.5 102.5 0.000118337360091
142.5 107.5 0.000019722893348
147.5 22.5 0.000009861446674
147.5 27.5 0.000019722893348
147.5 32.5 0.000138060253439
147.5 37.5 0.000838222967309
147.5 42.5 0.001370741087718
147.5 47.5 0.002031458014891
147.5 52.5 0.002692174942064
147.5 57.5 0.003806518416252
147.5 62.5 0.005887283664514
147.5 67.5 0.010305211774567
147.5 72.5 0.013845471130615
147.5 77.5 0.013796163897244
147.5 82.5 0.009851585227553
147.5 87.5 0.005344904097431
147.5 92.5 0.002859819535526
147.5 97.5 0.001291849514324
147.5 102.5 0.000473349440363
147.5 107.5 0.000049307233371
147.5 112.5 0.000009861446674
152.5 7.5 0.000019722893348
152.5 12.5 0.000019722893348
152.5 17.5 0.000039445786697
152.5 22.5 0.000059168680045
152.5 27.5 0.000325427740249
152.5 32.5 0.001104482027513
152.5 37.5 0.002297717075095
152.5 42.5 0.003757211182881
152.5 47.5 0.004940584783788
152.5 52.5 0.006340910211528
152.5 57.5 0.009526157487303
152.5 62.5 0.016508061732656
152.5 67.5 0.027158424140821
152.5 72.5 0.036585967161383
152.5 77.5 0.035767467087422
152.5 82.5 0.026083526453331
152.5 87.5 0.015196489324984
152.5 92.5 0.006942458458656
152.5 97.5 0.003717765396184
152.5 102.5 0.001498939894483
152.5 107.5 0.000374734973621
152.5 112.5 0.000039445786697
157.5 2.5 0.000019722893348
157.5 7.5 0.000039445786697
157.5 12.5 0.000088753020068
157.5 17.5 0.000295843400227
157.5 22.5 0.000848084413984
157.5 27.5 0.001548247127854
157.5 32.5 0.003530397909373
157.5 37.5 0.005621024604309
157.5 42.5 0.008599181499926
157.5 47.5 0.012455007149549
157.5 52.5 0.018056308860510
157.5 57.5 0.026004634879937
157.5 62.5 0.042660618312706
157.5 67.5 0.075114639317588
157.5 72.5 0.107785612149302
157.5 77.5 0.105990828854593
157.5 82.5 0.072491494502243
157.5 87.5 0.038252551649327
157.5 92.5 0.019210098121394
157.5 97.5 0.008678073073320
157.5 102.5 0.003914994329668
157.5 107.5 0.001173512154233
157.5 112.5 0.000177506040136
157.5 117.5 0.000029584340023
157.5 177.5 0.000009861446674
162.5 2.5 0.000059168680045
162.5 7.5 0.000236674720181
162.5 12.5 0.000818500073961
162.5 17.5 0.001567970021202
162.5 22.5 0.003244415955821
162.5 27.5 0.005127952270598
162.5 32.5 0.008825994773433
162.5 37.5 0.014811892904689
162.5 42.5 0.021202110349588
162.5 47.5 0.029535032789310
162.5 52.5 0.043962329273704
162.5 57.5 0.069631674966718
162.5 62.5 0.115862136975494
162.5 67.5 0.195473595976530
162.5 72.5 0.287964104334106
162.5 77.5 0.297401508801341
162.5 82.5 0.209752970760811
162.5 87.5 0.118288052857354
162.5 92.5 0.054523938661802
162.5 97.5 0.024071791331788
162.5 102.5 0.008875302006804
162.5 107.5 0.003224693062472
162.5 112.5 0.000926975987377
162.5 117.5 0.000177506040136
162.5 122.5 0.000039445786697
162.5 127.5 0.000009861446674
162.5 167.5 0.000009861446674
162.5 172.5 0.000019722893348
162.5 177.5 0.000039445786697
167.5 2.5 0.000532518120408
167.5 7.5 0.001163650707559
167.5 12.5 0.002692174942064
167.5 17.5 0.005068783590553
167.5 22.5 0.009240175533751
167.5 27.5 0.015896652038854
167.5 32.5 0.022365761057147
167.5 37.5 0.032325822198116
167.5 42.5 0.050322962378581
167.5 47.5 0.069227355653074
167.5 52.5 0.097795966668310
167.5 57.5 0.152063507716582
167.5 62.5 0.266673240964449
167.5 67.5 0.397929096198412
167.5 72.5 0.537034662985060
167.5 77.5 0.593915487402002
167.5 82.5 0.502125141758296
167.5 87.5 0.333188698782111
167.5 92.5 0.161057147083477
167.5 97.5 0.070933385927716
167.5 102.5 0.026093387900005
167.5 107.5 0.008707657413343
167.5 112.5 0.002800650855480
167.5 117.5 0.001035451900794
167.5 122.5 0.000364873526946
167.5 127.5 0.000049307233371
167.5 132.5 0.000019722893348
167.5 137.5 0.000019722893348
167.5 142.5 0.000009861446674
167.5 147.5 0.000009861446674
167.5 152.5 0.000019722893348
167.5 157.5 0.000019722893348
167.5 162.5 0.000039445786697
167.5 167.5 0.000049307233371
167.5 172.5 0.000088753020068
167.5 177.5 0.000187367486810
172.5 2.5 0.002031458014891
172.5 7.5 0.003905132882994
172.5 12.5 0.006991765692027
172.5 17.5 0.013460874710320
172.5 22.5 0.022375622503821
172.5 27.5 0.032848478871851
172.5 32.5 0.045924757161876
172.5 37.5 0.067008530151373
172.5 42.5 0.097569153394803
172.5 47.5 0.127607119964499
172.5 52.5 0.180563088605098
172.5 57.5 0.297253587101228
172.5 62.5 0.439376756570189
172.5 67.5 0.622523544203935
172.5 72.5 0.779517775257630
172.5 77.5 0.872185789655342
172.5 82.5 0.777298949755929
172.5 87.5 0.592209457127361
172.5 92.5 0.358828460135102
172.5 97.5 0.172545732458952
172.5 102.5 0.075489374291209
172.5 107.5 0.024633893792219
172.5 112.5 0.008293476653025
172.5 117.5 0.003254277402495
172.5 122.5 0.001311572407672
172.5 127.5 0.000532518120408
172.5 132.5 0.000118337360091
172.5 137.5 0.000049307233371
172.5 142.5 0.000049307233371
172.5 147.5 0.000059168680045
172.5 152.5 0.000118337360091
172.5 157.5 0.000197228933485
172.5 162.5 0.000364873526946
172.5 167.5 0.000562102460431
172.5 172.5 0.000877668754006
172.5 177.5 0.001193235047581
177.5 2.5 0.005384349884128
177.5 7.5 0.008806271880085
177.5 12.5 0.015758591785415
177.5 17.5 0.024407080518712
177.5 22.5 0.036576105714708
177.5 27.5 0.053113751787387
177.5 32.5 0.071426458261427
177.5 37.5 0.099146984862679
177.5 42.5 0.140219910260835
177.5 47.5 0.180267245204872
177.5 52.5 0.263892313002317
177.5 57.5 0.380602534391795
177.5 62.5 0.538632217346285
177.5 67.5 0.703979093733051
177.5 72.5 0.845757112568414
177.5 77.5 0.945476061338198
177.5 82.5 0.901089689857502
177.5 87.5 0.762329273704452
177.5 92.5 0.550673043735516
177.5 97.5 0.339322518613481
177.5 102.5 0.163128050885065
177.5 107.5 0.060529559686406
177.5 112.5 0.020373748828953
177.5 117.5 0.007110103052118
177.5 122.5 0.003244415955821
177.5 127.5 0.001370741087718
177.5 132.5 0.000808638627287
177.5 137.5 0.000414180760318
177.5 142.5 0.000414180760318
177.5 147.5 0.000532518120408
177.5 152.5 0.000818500073961
177.5 157.5 0.001015729007445
177.5 162.5 0.001370741087718
177.5 167.5 0.001873674868103
177.5 172.5 0.002692174942064
177.5 177.5 0.003875548542971
