# Table name/description: "Top8000 Pro"
# Number of dimensions: 1
# For each dimension, 1 to 1: lower_bound  upper_bound  number_of_bins  wrapping
#   x1: 0.0 360.0 360 true
# List of table coordinates and values. (Value is last number on each line.)
0.5 0.012988128575600872
1.5 0.009672376174686893
2.5 0.0058755819746765855
3.5 0.003521913171955263
4.5 0.013469170374697201
5.5 0.020341196076073324
6.5 0.023278987063411617
7.5 0.026457298950298073
8.5 0.03520195165529919
9.5 0.04293298056934733
10.5 0.048344700809181025
11.5 0.060748707200164925
12.5 0.06561066538388853
13.5 0.08066040166990225
14.5 0.08962839521019808
15.5 0.10526225368082877
16.5 0.12084457195869913
17.5 0.15312591269091347
18.5 0.18087171646021957
19.5 0.20473482570824814
20.5 0.2557424364767124
21.5 0.31113096362980397
22.5 0.36177779304894603
23.5 0.4057931176662601
24.5 0.4406686481007439
25.5 0.52409504011545
26.5 0.6018691909907743
27.5 0.7221811809576167
28.5 0.7809026405758758
29.5 0.6899685604824162
30.5 0.8319789716013538
31.5 0.6302678372017111
32.5 0.5517034033707287
33.5 0.45650866734241585
34.5 0.33916882849141855
35.5 0.28140945247135224
36.5 0.22749841084405656
37.5 0.16228288693799714
38.5 0.12639373271256035
39.5 0.07846135344546189
40.5 0.04124933427251018
41.5 0.008727472640747677
42.5 0.0016321061040768293
43.5 8.590032126720154E-4
44.5 4.1232154208256736E-4
45.5 1.7180064253440307E-4
46.5 3.4360128506880616E-5
47.5 1.7180064253440308E-5
315.5 1.7180064253440308E-5
316.5 1.7180064253440308E-5
317.5 5.154019276032092E-5
318.5 1.3744051402752246E-4
319.5 3.2642122081536585E-4
320.5 7.21562698644493E-4
321.5 0.001563385847063068
322.5 0.0065627845448141976
323.5 0.0664524885323071
324.5 0.11010703180029893
325.5 0.20397890288109677
326.5 0.3094816774614737
327.5 0.463810194650128
328.5 0.6183276925455701
329.5 0.9111447076812067
330.5 0.8532822512756197
331.5 0.9590255467555449
332.5 0.9999656398714931
333.5 0.8752899135842768
334.5 0.8244369233940935
335.5 0.6740941811122374
336.5 0.5112271719896232
337.5 0.5493497345680073
338.5 0.37505798271685536
339.5 0.3395639699692477
340.5 0.2676310409400931
341.5 0.2268799285309327
342.5 0.19791434019963236
343.5 0.16300444963664165
344.5 0.1258267905921968
345.5 0.13879773910354426
346.5 0.10576047554417854
347.5 0.0932190286391671
348.5 0.0772759290119745
349.5 0.06803305444362362
350.5 0.056195990173003245
351.5 0.04348274262545742
352.5 0.05205559468792413
353.5 0.036662257116841616
354.5 0.03240160118198842
355.5 0.02187022179462951
356.5 0.030322813407322142
357.5 0.018124967787379525
358.5 0.01618362052674077
359.5 0.009345954953871527
