# Table name/description: "Top8000 Asp"
# Number of dimensions: 2
# For each dimension, 1 to 2: lower_bound  upper_bound  number_of_bins  wrapping
#   x1: 0.0 360.0 72 true
#   x2: 0.0 180.0 36 true
# List of table coordinates and values. (Value is last number on each line.)
7.5 77.5 1.4143871460496168E-5
7.5 82.5 1.4143871460496168E-5
7.5 87.5 1.4143871460496168E-5
7.5 92.5 1.4143871460496168E-5
7.5 97.5 1.4143871460496168E-5
7.5 102.5 1.4143871460496168E-5
7.5 107.5 1.4143871460496168E-5
7.5 112.5 1.4143871460496168E-5
12.5 2.5 1.4143871460496168E-5
12.5 7.5 1.4143871460496168E-5
12.5 12.5 1.4143871460496168E-5
12.5 17.5 1.4143871460496168E-5
12.5 22.5 1.4143871460496168E-5
12.5 27.5 1.4143871460496168E-5
12.5 32.5 2.8287742920992336E-5
12.5 37.5 2.8287742920992336E-5
12.5 42.5 1.4143871460496168E-5
12.5 47.5 1.4143871460496168E-5
12.5 52.5 1.4143871460496168E-5
12.5 57.5 1.4143871460496168E-5
12.5 62.5 1.4143871460496168E-5
12.5 67.5 1.4143871460496168E-5
12.5 72.5 2.8287742920992336E-5
12.5 77.5 2.8287742920992336E-5
12.5 82.5 2.8287742920992336E-5
12.5 87.5 2.8287742920992336E-5
12.5 92.5 2.8287742920992336E-5
12.5 97.5 2.8287742920992336E-5
12.5 102.5 2.8287742920992336E-5
12.5 107.5 2.8287742920992336E-5
12.5 112.5 2.8287742920992336E-5
12.5 117.5 2.8287742920992336E-5
12.5 122.5 1.4143871460496168E-5
12.5 167.5 1.4143871460496168E-5
12.5 172.5 1.4143871460496168E-5
12.5 177.5 1.4143871460496168E-5
17.5 2.5 2.8287742920992336E-5
17.5 7.5 2.8287742920992336E-5
17.5 12.5 2.8287742920992336E-5
17.5 17.5 2.8287742920992336E-5
17.5 22.5 4.24316143814885E-5
17.5 27.5 4.24316143814885E-5
17.5 32.5 4.24316143814885E-5
17.5 37.5 4.24316143814885E-5
17.5 42.5 4.24316143814885E-5
17.5 47.5 4.24316143814885E-5
17.5 52.5 4.24316143814885E-5
17.5 57.5 4.24316143814885E-5
17.5 62.5 4.24316143814885E-5
17.5 67.5 4.24316143814885E-5
17.5 72.5 4.24316143814885E-5
17.5 77.5 4.24316143814885E-5
17.5 82.5 4.24316143814885E-5
17.5 87.5 4.24316143814885E-5
17.5 92.5 4.24316143814885E-5
17.5 97.5 4.24316143814885E-5
17.5 102.5 4.24316143814885E-5
17.5 107.5 4.24316143814885E-5
17.5 112.5 4.24316143814885E-5
17.5 117.5 4.24316143814885E-5
17.5 122.5 2.8287742920992336E-5
17.5 127.5 1.4143871460496168E-5
17.5 132.5 1.4143871460496168E-5
17.5 157.5 1.4143871460496168E-5
17.5 162.5 2.8287742920992336E-5
17.5 167.5 2.8287742920992336E-5
17.5 172.5 2.8287742920992336E-5
17.5 177.5 2.8287742920992336E-5
22.5 2.5 5.657548584198467E-5
22.5 7.5 5.657548584198467E-5
22.5 12.5 5.657548584198467E-5
22.5 17.5 5.657548584198467E-5
22.5 22.5 5.657548584198467E-5
22.5 27.5 5.657548584198467E-5
22.5 32.5 1.4143871460496168E-4
22.5 37.5 1.4143871460496168E-4
22.5 42.5 1.4143871460496168E-4
22.5 47.5 1.1315097168396934E-4
22.5 52.5 5.657548584198467E-5
22.5 57.5 5.657548584198467E-5
22.5 62.5 5.657548584198467E-5
22.5 67.5 5.657548584198467E-5
22.5 72.5 5.657548584198467E-5
22.5 77.5 5.657548584198467E-5
22.5 82.5 5.657548584198467E-5
22.5 87.5 5.657548584198467E-5
22.5 92.5 5.657548584198467E-5
22.5 97.5 5.657548584198467E-5
22.5 102.5 5.657548584198467E-5
22.5 107.5 5.657548584198467E-5
22.5 112.5 5.657548584198467E-5
22.5 117.5 5.657548584198467E-5
22.5 122.5 4.24316143814885E-5
22.5 127.5 4.24316143814885E-5
22.5 132.5 2.8287742920992336E-5
22.5 137.5 2.8287742920992336E-5
22.5 142.5 1.4143871460496168E-5
22.5 147.5 2.8287742920992336E-5
22.5 152.5 2.8287742920992336E-5
22.5 157.5 2.8287742920992336E-5
22.5 162.5 4.24316143814885E-5
22.5 167.5 4.24316143814885E-5
22.5 172.5 4.24316143814885E-5
22.5 177.5 4.24316143814885E-5
27.5 2.5 1.4143871460496168E-4
27.5 7.5 1.4143871460496168E-4
27.5 12.5 1.8387032898645018E-4
27.5 17.5 2.54589686288931E-4
27.5 22.5 3.1116517213091566E-4
27.5 27.5 4.3846001527538117E-4
27.5 32.5 5.516109869593505E-4
27.5 37.5 5.94042601340839E-4
27.5 42.5 5.516109869593505E-4
27.5 47.5 4.3846001527538117E-4
27.5 52.5 3.5359678651240416E-4
27.5 57.5 2.4044581482843483E-4
27.5 62.5 1.4143871460496168E-4
27.5 67.5 1.4143871460496168E-4
27.5 72.5 1.4143871460496168E-4
27.5 77.5 1.4143871460496168E-4
27.5 82.5 1.4143871460496168E-4
27.5 87.5 1.4143871460496168E-4
27.5 92.5 1.4143871460496168E-4
27.5 97.5 1.4143871460496168E-4
27.5 102.5 1.4143871460496168E-4
27.5 107.5 1.4143871460496168E-4
27.5 112.5 1.4143871460496168E-4
27.5 117.5 1.272948431444655E-4
27.5 122.5 5.657548584198467E-5
27.5 127.5 5.657548584198467E-5
27.5 132.5 5.657548584198467E-5
27.5 137.5 4.24316143814885E-5
27.5 142.5 4.24316143814885E-5
27.5 147.5 4.24316143814885E-5
27.5 152.5 5.657548584198467E-5
27.5 157.5 5.657548584198467E-5
27.5 162.5 5.657548584198467E-5
27.5 167.5 5.657548584198467E-5
27.5 172.5 5.657548584198467E-5
27.5 177.5 1.4143871460496168E-4
32.5 2.5 0.001004214873695228
32.5 7.5 0.0010466464880767164
32.5 12.5 0.0011173658453791971
32.5 17.5 0.001258804559984159
32.5 22.5 0.0013153800458261436
32.5 27.5 0.0013719555316681281
32.5 32.5 0.001442674888970609
32.5 37.5 0.0014851065033520976
32.5 42.5 0.001442674888970609
32.5 47.5 0.001188085202681678
32.5 52.5 8.910639020112585E-4
32.5 57.5 7.496251874062968E-4
32.5 62.5 6.364742157223275E-4
32.5 67.5 5.374671154988543E-4
32.5 72.5 4.3846001527538117E-4
32.5 77.5 4.24316143814885E-4
32.5 82.5 4.1017227235438887E-4
32.5 87.5 4.24316143814885E-4
32.5 92.5 4.3846001527538117E-4
32.5 97.5 4.3846001527538117E-4
32.5 102.5 3.9602840089389266E-4
32.5 107.5 4.24316143814885E-4
32.5 112.5 4.3846001527538117E-4
32.5 117.5 4.5260388673587737E-4
32.5 122.5 4.3846001527538117E-4
32.5 127.5 3.1116517213091566E-4
32.5 132.5 1.8387032898645018E-4
32.5 137.5 1.4143871460496168E-4
32.5 142.5 1.272948431444655E-4
32.5 147.5 1.1315097168396934E-4
32.5 152.5 1.4143871460496168E-4
32.5 157.5 2.4044581482843483E-4
32.5 162.5 4.24316143814885E-4
32.5 167.5 5.233232440383582E-4
32.5 172.5 6.78905830103816E-4
32.5 177.5 8.627761590902662E-4
37.5 2.5 0.0046391898390427426
37.5 7.5 0.004582614353200758
37.5 12.5 0.00472405306780572
37.5 17.5 0.0047947724251082005
37.5 22.5 0.004879635653871178
37.5 27.5 0.004950355011173658
37.5 32.5 0.004667477581963735
37.5 37.5 0.00461090209612175
37.5 42.5 0.004398744024214308
37.5 47.5 0.0035076801222030493
37.5 52.5 0.0025883284772707984
37.5 57.5 0.002022573618850952
37.5 62.5 0.0018811349042459902
37.5 67.5 0.0016406890894175555
37.5 72.5 0.0014002432745891206
37.5 77.5 0.001173941331221182
37.5 82.5 0.001103221973918701
37.5 87.5 0.0012022290741421741
37.5 92.5 0.0013012361743656475
37.5 97.5 0.0013012361743656475
37.5 102.5 0.0013012361743656475
37.5 107.5 0.0013153800458261436
37.5 112.5 0.0014568187604311052
37.5 117.5 0.00151339424627309
37.5 122.5 0.0014992503748125937
37.5 127.5 0.0014568187604311052
37.5 132.5 0.0012870923029051511
37.5 137.5 0.0010325026166162201
37.5 142.5 9.617832593137393E-4
37.5 147.5 9.617832593137393E-4
37.5 152.5 0.001089078102458205
37.5 157.5 0.0013153800458261436
37.5 162.5 0.001598257475036067
37.5 167.5 0.002192300076376906
37.5 172.5 0.00302678849254618
37.5 177.5 0.0041158665950043844
42.5 2.5 0.020607620717942917
42.5 7.5 0.019249809057735285
42.5 12.5 0.01782127804022517
42.5 17.5 0.017439393510791774
42.5 22.5 0.017354530282028796
42.5 27.5 0.016958501881134905
42.5 32.5 0.016095725722044638
42.5 37.5 0.015346100534638342
42.5 42.5 0.014950072133744448
42.5 47.5 0.013662979830839297
42.5 52.5 0.010042148736952278
42.5 57.5 0.007340669287997511
42.5 62.5 0.006364742157223275
42.5 67.5 0.005417102769370032
42.5 72.5 0.004582614353200758
42.5 77.5 0.003790557551412973
42.5 82.5 0.003451104636361065
42.5 87.5 0.003479392379282057
42.5 92.5 0.003634974965347515
42.5 97.5 0.003931996266017934
42.5 102.5 0.004978642754094651
42.5 107.5 0.0059828576277898785
42.5 112.5 0.006393029900144268
42.5 117.5 0.00642131764306526
42.5 122.5 0.006633475714972702
42.5 127.5 0.006562756357670222
42.5 132.5 0.006393029900144268
42.5 137.5 0.006265735056999802
42.5 142.5 0.006378886028683771
42.5 147.5 0.0066617634578936945
42.5 152.5 0.006944640887103618
42.5 157.5 0.006930497015643122
42.5 162.5 0.007736697688891403
42.5 167.5 0.01096150038188453
42.5 172.5 0.0158694237786767
42.5 177.5 0.019857995530536618
47.5 2.5 0.07049305535911289
47.5 7.5 0.06329382478572035
47.5 12.5 0.06192186925405222
47.5 17.5 0.06115810019518542
47.5 22.5 0.05544397612514498
47.5 27.5 0.05187972051709994
47.5 32.5 0.04900851461061922
47.5 37.5 0.04695765324884727
47.5 42.5 0.04458148284348392
47.5 47.5 0.04046561624847953
47.5 52.5 0.03168227207151141
47.5 57.5 0.022502899493649402
47.5 62.5 0.01668976832338548
47.5 67.5 0.013295239172866397
47.5 72.5 0.010508896495148651
47.5 77.5 0.008995502248875561
47.5 82.5 0.008472179004837203
47.5 87.5 0.008557042233600182
47.5 92.5 0.009419818392690448
47.5 97.5 0.011767701055132812
47.5 102.5 0.017241379310344827
47.5 107.5 0.02369098469633108
47.5 112.5 0.0265763344742723
47.5 117.5 0.027142089332692146
47.5 122.5 0.0284150377641368
47.5 127.5 0.029900144267488896
47.5 132.5 0.03036689202568527
47.5 137.5 0.029291957794687563
47.5 142.5 0.028103872592005884
47.5 147.5 0.029178806823003594
47.5 152.5 0.03224802692993126
47.5 157.5 0.03567084382337133
47.5 162.5 0.0387542078017595
47.5 167.5 0.050818930157562725
47.5 172.5 0.06428389578795508
47.5 177.5 0.07320867867952816
52.5 2.5 0.2070238465672824
52.5 7.5 0.19456309581058528
52.5 12.5 0.1893015756272807
52.5 17.5 0.17655794744137365
52.5 22.5 0.16186246499391813
52.5 27.5 0.1454414302282821
52.5 32.5 0.12757772057367542
52.5 37.5 0.10416961330655428
52.5 42.5 0.08667364430992051
52.5 47.5 0.07261463607818733
52.5 52.5 0.05545811999660547
52.5 57.5 0.0413283924075698
52.5 62.5 0.03132867528499901
52.5 67.5 0.02458204859834234
52.5 72.5 0.020140872959746543
52.5 77.5 0.018740629685157422
52.5 82.5 0.01926395292919578
52.5 87.5 0.020904642018613334
52.5 92.5 0.024440609883737377
52.5 97.5 0.03199343724364233
52.5 102.5 0.045147237701903764
52.5 107.5 0.05674521229951062
52.5 112.5 0.06398687448728466
52.5 117.5 0.06982829340046957
52.5 122.5 0.07770642980396594
52.5 127.5 0.08438233713332013
52.5 132.5 0.08617860880880314
52.5 137.5 0.08537240813555487
52.5 142.5 0.08316596418771746
52.5 147.5 0.08291137450142853
52.5 152.5 0.09193516449322509
52.5 157.5 0.10599417272495827
52.5 162.5 0.13186331362620576
52.5 167.5 0.1682413510226019
52.5 172.5 0.1974201578456055
52.5 177.5 0.21087097960453735
57.5 2.5 0.43307120024893214
57.5 7.5 0.4197052417187633
57.5 12.5 0.3940765466323442
57.5 17.5 0.36334191394868603
57.5 22.5 0.33238097932165994
57.5 27.5 0.2815761930355577
57.5 32.5 0.21835308760713984
57.5 37.5 0.15962773330315974
57.5 42.5 0.1095584283330033
57.5 47.5 0.08541483974993636
57.5 52.5 0.06569828293400469
57.5 57.5 0.05088964951486521
57.5 62.5 0.04084750077791293
57.5 67.5 0.03325224180362649
57.5 72.5 0.029461684252213516
57.5 77.5 0.03036689202568527
57.5 82.5 0.033662414075980876
57.5 87.5 0.03784900002828774
57.5 92.5 0.04384600152753812
57.5 97.5 0.0557127096828944
57.5 102.5 0.07318039093660716
57.5 107.5 0.08681508302452547
57.5 112.5 0.09732397951967413
57.5 117.5 0.1125569290826285
57.5 122.5 0.13688438799468192
57.5 127.5 0.1538994653616588
57.5 132.5 0.1613391417498798
57.5 137.5 0.16556815931656813
57.5 142.5 0.16916070266753416
57.5 147.5 0.18032021724986563
57.5 152.5 0.20937172922972477
57.5 157.5 0.2499080648355068
57.5 162.5 0.30231110859664506
57.5 167.5 0.3738225227009137
57.5 172.5 0.41686232355520353
57.5 177.5 0.4304121524143589
62.5 2.5 0.577508415603519
62.5 7.5 0.548032587479845
62.5 12.5 0.5310175101128681
62.5 17.5 0.507496251874063
62.5 22.5 0.44117563859579645
62.5 27.5 0.3139515148086334
62.5 32.5 0.20958388730163222
62.5 37.5 0.13234420525586263
62.5 42.5 0.08500466747758197
62.5 47.5 0.06472235580323046
62.5 52.5 0.05327996379168906
62.5 57.5 0.045302820287969225
62.5 62.5 0.038839071030522476
62.5 67.5 0.03435546377754519
62.5 72.5 0.0328420695312721
62.5 77.5 0.03692964838335549
62.5 82.5 0.041950722751831634
62.5 87.5 0.04742440100704365
62.5 92.5 0.05371842380696444
62.5 97.5 0.06514667194704535
62.5 102.5 0.07670221493027071
62.5 107.5 0.08460863907668807
62.5 112.5 0.09238776837996096
62.5 117.5 0.10897852960312297
62.5 122.5 0.1372521286526548
62.5 127.5 0.15688382223982347
62.5 132.5 0.16578031738847557
62.5 137.5 0.1752425673955475
62.5 142.5 0.19426607450991484
62.5 147.5 0.22584933948120278
62.5 152.5 0.27508415603518993
62.5 157.5 0.32341376481570533
62.5 162.5 0.39474130859098755
62.5 167.5 0.47537551978727616
62.5 172.5 0.5209470736329949
62.5 177.5 0.5635059828576278
67.5 2.5 0.5768860852592571
67.5 7.5 0.5456988486888631
67.5 12.5 0.5260388673587735
67.5 17.5 0.4903114480495601
67.5 22.5 0.37103618002319594
67.5 27.5 0.20839580209895053
67.5 32.5 0.112514497468247
67.5 37.5 0.06733897202342225
67.5 42.5 0.045147237701903764
67.5 47.5 0.03609515996718622
67.5 52.5 0.032488472744759696
67.5 57.5 0.029801137167265426
67.5 62.5 0.027665412576730504
67.5 67.5 0.026038867358773442
67.5 72.5 0.02719866481853413
67.5 77.5 0.032516760487680686
67.5 82.5 0.03859862521569404
67.5 87.5 0.04284178665384289
67.5 92.5 0.04745268874996464
67.5 97.5 0.0524030437611383
67.5 102.5 0.05521767418177704
67.5 107.5 0.0550055161098696
67.5 112.5 0.05750898135837741
67.5 117.5 0.06806030946790756
67.5 122.5 0.08223246867132472
67.5 127.5 0.09390116262623405
67.5 132.5 0.09977086928233997
67.5 137.5 0.10829962377301915
67.5 142.5 0.13811490481174507
67.5 147.5 0.17923113914740743
67.5 152.5 0.2199513450821759
67.5 157.5 0.26367005176656955
67.5 162.5 0.3446578597493706
67.5 167.5 0.4441741393454216
67.5 172.5 0.4981330089672145
67.5 177.5 0.5545246244802127
72.5 2.5 0.3789284602981528
72.5 7.5 0.38066815648779384
72.5 12.5 0.3549121665582303
72.5 17.5 0.2848858589573138
72.5 22.5 0.17982518174874826
72.5 27.5 0.08868207405731096
72.5 32.5 0.04543011513111369
72.5 37.5 0.026802636417640236
72.5 42.5 0.017962716754830133
72.5 47.5 0.014836921162060479
72.5 52.5 0.01472377019037651
72.5 57.5 0.014780345676218495
72.5 62.5 0.014653050833074029
72.5 67.5 0.01472377019037651
72.5 72.5 0.016477610251478033
72.5 77.5 0.02096121750445532
72.5 82.5 0.02572770218664253
72.5 87.5 0.02871205906480722
72.5 92.5 0.030762920426579164
72.5 97.5 0.03238946564453622
72.5 102.5 0.03070634494073718
72.5 107.5 0.028273599049531837
72.5 112.5 0.028924217136714662
72.5 117.5 0.03268648694520664
72.5 122.5 0.03852790585839156
72.5 127.5 0.04526038867358773
72.5 132.5 0.050055161098695934
72.5 137.5 0.055698565811433905
72.5 142.5 0.07367542643772454
72.5 147.5 0.09760685694888405
72.5 152.5 0.12481966563887867
72.5 157.5 0.1631212695539023
72.5 162.5 0.21695284433255071
72.5 167.5 0.2886056971514243
72.5 172.5 0.33808095952023987
72.5 177.5 0.36448756753698625
77.5 2.5 0.14116998104721223
77.5 7.5 0.14558286894288705
77.5 12.5 0.12095838873016322
77.5 17.5 0.08059177958190716
77.5 22.5 0.048174026194449944
77.5 27.5 0.02420016406890894
77.5 32.5 0.011414104268620407
77.5 37.5 0.00745382025968148
77.5 42.5 0.005615116969816978
77.5 47.5 0.005402958897909536
77.5 52.5 0.005600973098356482
77.5 57.5 0.005897994399026902
77.5 62.5 0.0059828576277898785
77.5 67.5 0.006251591185539306
77.5 72.5 0.0070012163729456026
77.5 77.5 0.009674408078979378
77.5 82.5 0.013040649486577465
77.5 87.5 0.015133942462730898
77.5 92.5 0.016293739922491585
77.5 97.5 0.01664733670900399
77.5 102.5 0.01527538117733586
77.5 107.5 0.013012361743656473
77.5 112.5 0.012234448813329184
77.5 117.5 0.013408390144550366
77.5 122.5 0.015190517948572884
77.5 127.5 0.018500183870328986
77.5 132.5 0.022997934994766767
77.5 137.5 0.027580549347967526
77.5 142.5 0.036038584481344234
77.5 147.5 0.04753755197872762
77.5 152.5 0.059729569177675315
77.5 157.5 0.07445333936805182
77.5 162.5 0.09421232779836497
77.5 167.5 0.11728098215043421
77.5 172.5 0.13514469180504088
77.5 177.5 0.13289581624282198
82.5 2.5 0.044623914457865406
82.5 7.5 0.040267602048032584
82.5 12.5 0.028570620350202258
82.5 17.5 0.015770416678453227
82.5 22.5 0.006576900229130718
82.5 27.5 0.003069220106927668
82.5 32.5 0.0020791491046929364
82.5 37.5 0.001852847161324998
82.5 42.5 0.0018104155469435095
82.5 47.5 0.0018811349042459902
82.5 52.5 0.0019094226471669826
82.5 57.5 0.0018952787757064865
82.5 62.5 0.0018952787757064865
82.5 67.5 0.001951854261548471
82.5 72.5 0.0025034652485078214
82.5 77.5 0.003790557551412973
82.5 82.5 0.005516109869593505
82.5 87.5 0.006718338943735679
82.5 92.5 0.007199230573392549
82.5 97.5 0.007071935730248084
82.5 102.5 0.006562756357670222
82.5 107.5 0.005558541483974994
82.5 112.5 0.004992786625555147
82.5 117.5 0.004950355011173658
82.5 122.5 0.005501965998133009
82.5 127.5 0.0066476195864331985
82.5 132.5 0.008472179004837203
82.5 137.5 0.010452321009306667
82.5 142.5 0.014285310175101129
82.5 147.5 0.01951854261548471
82.5 152.5 0.02458204859834234
82.5 157.5 0.02923538230884558
82.5 162.5 0.034426183134847674
82.5 167.5 0.03755197872761732
82.5 172.5 0.038839071030522476
82.5 177.5 0.0416961330655427
87.5 2.5 0.00970269582190037
87.5 7.5 0.00690220927272213
87.5 12.5 0.0039602840089389265
87.5 17.5 0.0018387032898645017
87.5 22.5 7.354813159458007E-4
87.5 27.5 3.9602840089389266E-4
87.5 32.5 4.3846001527538117E-4
87.5 37.5 5.374671154988543E-4
87.5 42.5 5.94042601340839E-4
87.5 47.5 6.364742157223275E-4
87.5 52.5 6.647619586433198E-4
87.5 57.5 6.364742157223275E-4
87.5 62.5 5.94042601340839E-4
87.5 67.5 6.364742157223275E-4
87.5 72.5 7.63769058866793E-4
87.5 77.5 0.001089078102458205
87.5 82.5 0.00169726457525954
87.5 87.5 0.00236202653390286
87.5 92.5 0.0027580549347967524
87.5 97.5 0.0027580549347967524
87.5 102.5 0.0024893213770473253
87.5 107.5 0.002206443947837402
87.5 112.5 0.0018811349042459902
87.5 117.5 0.0018245594184040056
87.5 122.5 0.001951854261548471
87.5 127.5 0.00254589686288931
87.5 132.5 0.003366241407598088
87.5 137.5 0.00435631240983282
87.5 142.5 0.005501965998133009
87.5 147.5 0.006704195072275183
87.5 152.5 0.007581115102825946
87.5 157.5 0.008019575118101327
87.5 162.5 0.008415603518995219
87.5 167.5 0.008330740290232242
87.5 172.5 0.008656049333823653
87.5 177.5 0.009957285508189301
92.5 2.5 0.0016689768323385477
92.5 7.5 0.001089078102458205
92.5 12.5 4.3846001527538117E-4
92.5 17.5 8.4863228762977E-5
92.5 22.5 5.657548584198467E-5
92.5 27.5 5.657548584198467E-5
92.5 32.5 5.657548584198467E-5
92.5 37.5 5.657548584198467E-5
92.5 42.5 8.4863228762977E-5
92.5 47.5 1.4143871460496168E-4
92.5 52.5 1.4143871460496168E-4
92.5 57.5 1.4143871460496168E-4
92.5 62.5 1.1315097168396934E-4
92.5 67.5 8.4863228762977E-5
92.5 72.5 1.4143871460496168E-4
92.5 77.5 1.4143871460496168E-4
92.5 82.5 3.5359678651240416E-4
92.5 87.5 6.081864728013352E-4
92.5 92.5 7.63769058866793E-4
92.5 97.5 8.344884161692738E-4
92.5 102.5 8.627761590902662E-4
92.5 107.5 8.627761590902662E-4
92.5 112.5 8.203445447087777E-4
92.5 117.5 8.203445447087777E-4
92.5 122.5 9.33495516392747E-4
92.5 127.5 0.0011173658453791971
92.5 132.5 0.0014002432745891206
92.5 137.5 0.001612401346496563
92.5 142.5 0.0018952787757064865
92.5 147.5 0.0022488755622188904
92.5 152.5 0.002305451048060875
92.5 157.5 0.0022488755622188904
92.5 162.5 0.002022573618850952
92.5 167.5 0.0018952787757064865
92.5 172.5 0.001866991032785494
92.5 177.5 0.0018811349042459902
97.5 2.5 1.4143871460496168E-4
97.5 7.5 5.657548584198467E-5
97.5 12.5 4.24316143814885E-5
97.5 17.5 2.8287742920992336E-5
97.5 22.5 2.8287742920992336E-5
97.5 27.5 2.8287742920992336E-5
97.5 32.5 4.24316143814885E-5
97.5 37.5 4.24316143814885E-5
97.5 42.5 4.24316143814885E-5
97.5 47.5 4.24316143814885E-5
97.5 52.5 4.24316143814885E-5
97.5 57.5 4.24316143814885E-5
97.5 62.5 4.24316143814885E-5
97.5 67.5 4.24316143814885E-5
97.5 72.5 4.24316143814885E-5
97.5 77.5 4.24316143814885E-5
97.5 82.5 5.657548584198467E-5
97.5 87.5 5.657548584198467E-5
97.5 92.5 5.657548584198467E-5
97.5 97.5 1.4143871460496168E-4
97.5 102.5 1.9801420044694633E-4
97.5 107.5 2.8287742920992336E-4
97.5 112.5 3.39452915051908E-4
97.5 117.5 4.24316143814885E-4
97.5 122.5 4.950355011173658E-4
97.5 127.5 5.516109869593505E-4
97.5 132.5 6.081864728013352E-4
97.5 137.5 6.647619586433198E-4
97.5 142.5 7.213374444853045E-4
97.5 147.5 7.63769058866793E-4
97.5 152.5 7.63769058866793E-4
97.5 157.5 7.496251874062968E-4
97.5 162.5 7.071935730248083E-4
97.5 167.5 6.364742157223275E-4
97.5 172.5 4.950355011173658E-4
97.5 177.5 3.1116517213091566E-4
102.5 2.5 4.24316143814885E-5
102.5 7.5 2.8287742920992336E-5
102.5 12.5 1.4143871460496168E-5
102.5 17.5 1.4143871460496168E-5
102.5 22.5 1.4143871460496168E-5
102.5 27.5 2.8287742920992336E-5
102.5 32.5 2.8287742920992336E-5
102.5 37.5 2.8287742920992336E-5
102.5 42.5 2.8287742920992336E-5
102.5 47.5 2.8287742920992336E-5
102.5 52.5 2.8287742920992336E-5
102.5 57.5 2.8287742920992336E-5
102.5 62.5 2.8287742920992336E-5
102.5 67.5 2.8287742920992336E-5
102.5 72.5 2.8287742920992336E-5
102.5 77.5 2.8287742920992336E-5
102.5 82.5 2.8287742920992336E-5
102.5 87.5 2.8287742920992336E-5
102.5 92.5 4.24316143814885E-5
102.5 97.5 5.657548584198467E-5
102.5 102.5 5.657548584198467E-5
102.5 107.5 5.657548584198467E-5
102.5 112.5 1.4143871460496168E-4
102.5 117.5 1.4143871460496168E-4
102.5 122.5 1.4143871460496168E-4
102.5 127.5 1.4143871460496168E-4
102.5 132.5 1.4143871460496168E-4
102.5 137.5 1.4143871460496168E-4
102.5 142.5 1.4143871460496168E-4
102.5 147.5 1.4143871460496168E-4
102.5 152.5 1.4143871460496168E-4
102.5 157.5 1.4143871460496168E-4
102.5 162.5 1.4143871460496168E-4
102.5 167.5 1.4143871460496168E-4
102.5 172.5 7.071935730248084E-5
102.5 177.5 5.657548584198467E-5
107.5 2.5 2.8287742920992336E-5
107.5 7.5 1.4143871460496168E-5
107.5 27.5 1.4143871460496168E-5
107.5 32.5 1.4143871460496168E-5
107.5 37.5 1.4143871460496168E-5
107.5 42.5 1.4143871460496168E-5
107.5 47.5 1.4143871460496168E-5
107.5 52.5 1.4143871460496168E-5
107.5 57.5 1.4143871460496168E-5
107.5 62.5 1.4143871460496168E-5
107.5 67.5 1.4143871460496168E-5
107.5 72.5 1.4143871460496168E-5
107.5 77.5 1.4143871460496168E-5
107.5 82.5 1.4143871460496168E-5
107.5 87.5 2.8287742920992336E-5
107.5 92.5 2.8287742920992336E-5
107.5 97.5 4.24316143814885E-5
107.5 102.5 4.24316143814885E-5
107.5 107.5 5.657548584198467E-5
107.5 112.5 5.657548584198467E-5
107.5 117.5 5.657548584198467E-5
107.5 122.5 5.657548584198467E-5
107.5 127.5 5.657548584198467E-5
107.5 132.5 5.657548584198467E-5
107.5 137.5 5.657548584198467E-5
107.5 142.5 5.657548584198467E-5
107.5 147.5 5.657548584198467E-5
107.5 152.5 5.657548584198467E-5
107.5 157.5 5.657548584198467E-5
107.5 162.5 5.657548584198467E-5
107.5 167.5 5.657548584198467E-5
107.5 172.5 4.24316143814885E-5
107.5 177.5 2.8287742920992336E-5
112.5 32.5 1.4143871460496168E-5
112.5 37.5 1.4143871460496168E-5
112.5 42.5 1.4143871460496168E-5
112.5 77.5 1.4143871460496168E-5
112.5 82.5 1.4143871460496168E-5
112.5 87.5 1.4143871460496168E-5
112.5 92.5 2.8287742920992336E-5
112.5 97.5 2.8287742920992336E-5
112.5 102.5 2.8287742920992336E-5
112.5 107.5 2.8287742920992336E-5
112.5 112.5 4.24316143814885E-5
112.5 117.5 4.24316143814885E-5
112.5 122.5 4.24316143814885E-5
112.5 127.5 4.24316143814885E-5
112.5 132.5 4.24316143814885E-5
112.5 137.5 4.24316143814885E-5
112.5 142.5 2.8287742920992336E-5
112.5 147.5 2.8287742920992336E-5
112.5 152.5 2.8287742920992336E-5
112.5 157.5 4.24316143814885E-5
112.5 162.5 2.8287742920992336E-5
112.5 167.5 2.8287742920992336E-5
112.5 172.5 2.8287742920992336E-5
112.5 177.5 1.4143871460496168E-5
117.5 77.5 1.4143871460496168E-5
117.5 82.5 1.4143871460496168E-5
117.5 87.5 1.4143871460496168E-5
117.5 92.5 1.4143871460496168E-5
117.5 97.5 2.8287742920992336E-5
117.5 102.5 2.8287742920992336E-5
117.5 107.5 2.8287742920992336E-5
117.5 112.5 2.8287742920992336E-5
117.5 117.5 2.8287742920992336E-5
117.5 122.5 2.8287742920992336E-5
117.5 127.5 2.8287742920992336E-5
117.5 132.5 2.8287742920992336E-5
117.5 137.5 2.8287742920992336E-5
117.5 142.5 1.4143871460496168E-5
117.5 147.5 1.4143871460496168E-5
117.5 152.5 1.4143871460496168E-5
117.5 157.5 1.4143871460496168E-5
117.5 162.5 1.4143871460496168E-5
117.5 167.5 1.4143871460496168E-5
117.5 172.5 1.4143871460496168E-5
122.5 27.5 1.4143871460496168E-5
122.5 32.5 1.4143871460496168E-5
122.5 77.5 1.4143871460496168E-5
122.5 82.5 1.4143871460496168E-5
122.5 87.5 1.4143871460496168E-5
122.5 92.5 1.4143871460496168E-5
122.5 97.5 1.4143871460496168E-5
122.5 102.5 1.4143871460496168E-5
122.5 107.5 1.4143871460496168E-5
122.5 112.5 1.4143871460496168E-5
122.5 117.5 1.4143871460496168E-5
122.5 122.5 1.4143871460496168E-5
122.5 127.5 1.4143871460496168E-5
122.5 132.5 1.4143871460496168E-5
122.5 137.5 1.4143871460496168E-5
127.5 22.5 1.4143871460496168E-5
127.5 27.5 1.4143871460496168E-5
127.5 32.5 1.4143871460496168E-5
127.5 37.5 1.4143871460496168E-5
127.5 42.5 1.4143871460496168E-5
127.5 67.5 1.4143871460496168E-5
127.5 72.5 1.4143871460496168E-5
127.5 77.5 1.4143871460496168E-5
127.5 82.5 2.8287742920992336E-5
127.5 87.5 2.8287742920992336E-5
127.5 92.5 2.8287742920992336E-5
127.5 97.5 1.4143871460496168E-5
127.5 102.5 1.4143871460496168E-5
127.5 107.5 1.4143871460496168E-5
127.5 112.5 1.4143871460496168E-5
127.5 117.5 1.4143871460496168E-5
132.5 12.5 1.4143871460496168E-5
132.5 17.5 1.4143871460496168E-5
132.5 22.5 1.4143871460496168E-5
132.5 27.5 2.8287742920992336E-5
132.5 32.5 2.8287742920992336E-5
132.5 37.5 2.8287742920992336E-5
132.5 42.5 2.8287742920992336E-5
132.5 47.5 2.8287742920992336E-5
132.5 52.5 2.8287742920992336E-5
132.5 57.5 1.4143871460496168E-5
132.5 62.5 1.4143871460496168E-5
132.5 67.5 2.8287742920992336E-5
132.5 72.5 2.8287742920992336E-5
132.5 77.5 2.8287742920992336E-5
132.5 82.5 2.8287742920992336E-5
132.5 87.5 2.8287742920992336E-5
132.5 92.5 2.8287742920992336E-5
132.5 97.5 2.8287742920992336E-5
132.5 102.5 1.4143871460496168E-5
132.5 107.5 1.4143871460496168E-5
132.5 112.5 1.4143871460496168E-5
137.5 2.5 1.4143871460496168E-5
137.5 7.5 1.4143871460496168E-5
137.5 12.5 2.8287742920992336E-5
137.5 17.5 2.8287742920992336E-5
137.5 22.5 4.24316143814885E-5
137.5 27.5 4.24316143814885E-5
137.5 32.5 5.657548584198467E-5
137.5 37.5 5.657548584198467E-5
137.5 42.5 5.657548584198467E-5
137.5 47.5 4.24316143814885E-5
137.5 52.5 4.24316143814885E-5
137.5 57.5 4.24316143814885E-5
137.5 62.5 2.8287742920992336E-5
137.5 67.5 2.8287742920992336E-5
137.5 72.5 2.8287742920992336E-5
137.5 77.5 2.8287742920992336E-5
137.5 82.5 4.24316143814885E-5
137.5 87.5 4.24316143814885E-5
137.5 92.5 2.8287742920992336E-5
137.5 97.5 2.8287742920992336E-5
137.5 102.5 2.8287742920992336E-5
137.5 107.5 1.4143871460496168E-5
137.5 112.5 1.4143871460496168E-5
142.5 2.5 2.8287742920992336E-5
142.5 7.5 2.8287742920992336E-5
142.5 12.5 4.24316143814885E-5
142.5 17.5 5.657548584198467E-5
142.5 22.5 8.4863228762977E-5
142.5 27.5 1.4143871460496168E-4
142.5 32.5 2.4044581482843483E-4
142.5 37.5 2.4044581482843483E-4
142.5 42.5 1.69726457525954E-4
142.5 47.5 1.4143871460496168E-4
142.5 52.5 5.657548584198467E-5
142.5 57.5 5.657548584198467E-5
142.5 62.5 5.657548584198467E-5
142.5 67.5 4.24316143814885E-5
142.5 72.5 4.24316143814885E-5
142.5 77.5 4.24316143814885E-5
142.5 82.5 4.24316143814885E-5
142.5 87.5 4.24316143814885E-5
142.5 92.5 4.24316143814885E-5
142.5 97.5 4.24316143814885E-5
142.5 102.5 2.8287742920992336E-5
142.5 107.5 2.8287742920992336E-5
142.5 112.5 2.8287742920992336E-5
142.5 117.5 1.4143871460496168E-5
142.5 122.5 1.4143871460496168E-5
142.5 172.5 1.4143871460496168E-5
142.5 177.5 2.8287742920992336E-5
147.5 2.5 4.24316143814885E-5
147.5 7.5 5.657548584198467E-5
147.5 12.5 5.657548584198467E-5
147.5 17.5 2.4044581482843483E-4
147.5 22.5 5.657548584198467E-4
147.5 27.5 8.062006732482815E-4
147.5 32.5 0.0010325026166162201
147.5 37.5 0.001089078102458205
147.5 42.5 9.617832593137393E-4
147.5 47.5 7.213374444853045E-4
147.5 52.5 4.3846001527538117E-4
147.5 57.5 1.69726457525954E-4
147.5 62.5 1.4143871460496168E-4
147.5 67.5 1.4143871460496168E-4
147.5 72.5 1.4143871460496168E-4
147.5 77.5 1.4143871460496168E-4
147.5 82.5 8.4863228762977E-5
147.5 87.5 5.657548584198467E-5
147.5 92.5 5.657548584198467E-5
147.5 97.5 5.657548584198467E-5
147.5 102.5 4.24316143814885E-5
147.5 107.5 4.24316143814885E-5
147.5 112.5 4.24316143814885E-5
147.5 117.5 4.24316143814885E-5
147.5 122.5 2.8287742920992336E-5
147.5 127.5 2.8287742920992336E-5
147.5 132.5 1.4143871460496168E-5
147.5 147.5 1.4143871460496168E-5
147.5 152.5 1.4143871460496168E-5
147.5 162.5 1.4143871460496168E-5
147.5 167.5 2.8287742920992336E-5
147.5 172.5 2.8287742920992336E-5
147.5 177.5 4.24316143814885E-5
152.5 2.5 1.4143871460496168E-4
152.5 7.5 2.4044581482843483E-4
152.5 12.5 6.364742157223275E-4
152.5 17.5 0.0011173658453791971
152.5 22.5 0.0017538400611015247
152.5 27.5 0.00254589686288931
152.5 32.5 0.003295522050295607
152.5 37.5 0.003309665921756103
152.5 42.5 0.002701479448954768
152.5 47.5 0.001866991032785494
152.5 52.5 0.0013012361743656475
152.5 57.5 8.627761590902662E-4
152.5 62.5 8.062006732482815E-4
152.5 67.5 8.344884161692738E-4
152.5 72.5 8.627761590902662E-4
152.5 77.5 8.344884161692738E-4
152.5 82.5 6.78905830103816E-4
152.5 87.5 4.950355011173658E-4
152.5 92.5 3.1116517213091566E-4
152.5 97.5 1.5558258606545783E-4
152.5 102.5 1.4143871460496168E-4
152.5 107.5 7.071935730248084E-5
152.5 112.5 5.657548584198467E-5
152.5 117.5 5.657548584198467E-5
152.5 122.5 5.657548584198467E-5
152.5 127.5 4.24316143814885E-5
152.5 132.5 4.24316143814885E-5
152.5 137.5 2.8287742920992336E-5
152.5 142.5 2.8287742920992336E-5
152.5 147.5 2.8287742920992336E-5
152.5 152.5 4.24316143814885E-5
152.5 157.5 4.24316143814885E-5
152.5 162.5 5.657548584198467E-5
152.5 167.5 5.657548584198467E-5
152.5 172.5 8.4863228762977E-5
152.5 177.5 1.4143871460496168E-4
157.5 2.5 0.0020650052332324403
157.5 7.5 0.002956069135243699
157.5 12.5 0.0039461401374784304
157.5 17.5 0.005261520183304574
157.5 22.5 0.006506180871828237
157.5 27.5 0.008047862861022319
157.5 32.5 0.009476393878532432
157.5 37.5 0.008995502248875561
157.5 42.5 0.007128511216090068
157.5 47.5 0.00527566405476507
157.5 52.5 0.003451104636361065
157.5 57.5 0.0025883284772707984
157.5 62.5 0.0024893213770473253
157.5 67.5 0.003069220106927668
157.5 72.5 0.003974427880399423
157.5 77.5 0.0044694633815167886
157.5 82.5 0.0034369607649005684
157.5 87.5 0.002376170405363356
157.5 92.5 0.0016406890894175555
157.5 97.5 0.0011173658453791971
157.5 102.5 7.63769058866793E-4
157.5 107.5 5.233232440383582E-4
157.5 112.5 3.1116517213091566E-4
157.5 117.5 1.9801420044694633E-4
157.5 122.5 1.4143871460496168E-4
157.5 127.5 1.4143871460496168E-4
157.5 132.5 1.1315097168396934E-4
157.5 137.5 5.657548584198467E-5
157.5 142.5 5.657548584198467E-5
157.5 147.5 5.657548584198467E-5
157.5 152.5 8.4863228762977E-5
157.5 157.5 1.8387032898645018E-4
157.5 162.5 4.3846001527538117E-4
157.5 167.5 6.081864728013352E-4
157.5 172.5 0.0010325026166162201
157.5 177.5 0.001612401346496563
162.5 2.5 0.014030720488812197
162.5 7.5 0.018655766456394444
162.5 12.5 0.0199287148878391
162.5 17.5 0.02089049814715284
162.5 22.5 0.024440609883737377
162.5 27.5 0.027622980962349015
162.5 32.5 0.02724109643291562
162.5 37.5 0.02378999179655455
162.5 42.5 0.017976860626290628
162.5 47.5 0.012800203671749031
162.5 52.5 0.00940567452122995
162.5 57.5 0.009193516449322509
162.5 62.5 0.012163729456026704
162.5 67.5 0.016378603151254563
162.5 72.5 0.021413821391191197
162.5 77.5 0.022347316907583945
162.5 82.5 0.01804757998359311
162.5 87.5 0.01188085202681678
162.5 92.5 0.007213374444853045
162.5 97.5 0.0046250459675822465
162.5 102.5 0.002814630420638737
162.5 107.5 0.0016406890894175555
162.5 112.5 0.001103221973918701
162.5 117.5 8.4863228762977E-4
162.5 122.5 7.496251874062968E-4
162.5 127.5 6.78905830103816E-4
162.5 132.5 6.364742157223275E-4
162.5 137.5 6.081864728013352E-4
162.5 142.5 6.506180871828237E-4
162.5 147.5 9.052077734717547E-4
162.5 152.5 0.0014568187604311052
162.5 157.5 0.0021498684619954173
162.5 162.5 0.0033379536646770953
162.5 167.5 0.004823060168029193
162.5 172.5 0.00642131764306526
162.5 177.5 0.009193516449322509
167.5 2.5 0.07514638906961614
167.5 7.5 0.08902152697236287
167.5 12.5 0.08643319849509208
167.5 17.5 0.0749342309977087
167.5 22.5 0.07071935730248083
167.5 27.5 0.07023846567282396
167.5 32.5 0.06244519249809058
167.5 37.5 0.05074821080026025
167.5 42.5 0.038513761986931065
167.5 47.5 0.02948997199513451
167.5 52.5 0.02940510876637153
167.5 57.5 0.03994229300444117
167.5 62.5 0.05521767418177704
167.5 67.5 0.06926253854204972
167.5 72.5 0.07872478854912167
167.5 77.5 0.07278436253571327
167.5 82.5 0.057141240700404515
167.5 87.5 0.039503832989165794
167.5 92.5 0.023280812423976692
167.5 97.5 0.013592260473536816
167.5 102.5 0.008627761590902661
167.5 107.5 0.006209159571157817
167.5 112.5 0.004483607252977285
167.5 117.5 0.0030975078498486604
167.5 122.5 0.002475177505586829
167.5 127.5 0.002687335577494272
167.5 132.5 0.002800486549178241
167.5 137.5 0.0031682272071511413
167.5 142.5 0.004384600152753812
167.5 147.5 0.005855562784645413
167.5 152.5 0.008062006732482816
167.5 157.5 0.011824276540974796
167.5 162.5 0.018995219371446354
167.5 167.5 0.030819495912421148
167.5 172.5 0.04204972985205511
167.5 177.5 0.05477921416650165
172.5 2.5 0.28308958728183076
172.5 7.5 0.29323074311900654
172.5 12.5 0.273033294673418
172.5 17.5 0.21999377669655737
172.5 22.5 0.17583660999688835
172.5 27.5 0.14051936296002943
172.5 32.5 0.1114112754943283
172.5 37.5 0.08913467794404685
172.5 42.5 0.07151141410426862
172.5 47.5 0.06630646940680603
172.5 52.5 0.07879550790642414
172.5 57.5 0.11197703035274816
172.5 62.5 0.16505897994399027
172.5 67.5 0.20501541681989194
172.5 72.5 0.20501541681989194
172.5 77.5 0.17179146275918644
172.5 82.5 0.12906282707702751
172.5 87.5 0.08697066561059093
172.5 92.5 0.053110237334163105
172.5 97.5 0.035515261237305876
172.5 102.5 0.027580549347967526
172.5 107.5 0.022828208537240813
172.5 112.5 0.017439393510791774
172.5 117.5 0.013196232072642923
172.5 122.5 0.011102939096489491
172.5 127.5 0.012347599785013154
172.5 132.5 0.01520466182003338
172.5 137.5 0.019094226471669827
172.5 142.5 0.025416537014511614
172.5 147.5 0.032516760487680686
172.5 152.5 0.049347967525671124
172.5 157.5 0.06981414952900908
172.5 162.5 0.10646092048315466
172.5 167.5 0.15930242425956834
172.5 172.5 0.20640151622302055
172.5 177.5 0.25256711267008003
177.5 2.5 0.5583576136460072
177.5 7.5 0.5044694633815168
177.5 12.5 0.4490679188707533
177.5 17.5 0.38400611015247094
177.5 22.5 0.3004016859494781
177.5 27.5 0.22451981556391615
177.5 32.5 0.1834035812282538
177.5 37.5 0.15470566603490707
177.5 42.5 0.13481938276144947
177.5 47.5 0.14068908941755537
177.5 52.5 0.17539814998161296
177.5 57.5 0.23601878306129953
177.5 62.5 0.3166105626432067
177.5 67.5 0.3646007185086702
177.5 72.5 0.33447427229781335
177.5 77.5 0.27331617210262793
177.5 82.5 0.21973918701026846
177.5 87.5 0.16470538315747787
177.5 92.5 0.10893609798874147
177.5 97.5 0.08384487001782127
177.5 102.5 0.06940397725665469
177.5 107.5 0.05954569884868886
177.5 112.5 0.05077649854318124
177.5 117.5 0.04234675115272552
177.5 122.5 0.0413283924075698
177.5 127.5 0.04668891969109785
177.5 132.5 0.05538740063930299
177.5 137.5 0.07022432180136347
177.5 142.5 0.09436791038443043
177.5 147.5 0.13637520862210403
177.5 152.5 0.1996548895363639
177.5 157.5 0.2798223529744562
177.5 162.5 0.3923651381856242
177.5 167.5 0.4810896438573166
177.5 172.5 0.5562501767983933
177.5 177.5 0.5799270176232638
182.5 2.5 0.623461853978671
182.5 7.5 0.5364911883680801
182.5 12.5 0.45372125258125656
182.5 17.5 0.42346751152725526
182.5 22.5 0.37138977680970836
182.5 27.5 0.3038103589714577
182.5 32.5 0.26389635370993747
182.5 37.5 0.2343639501004215
182.5 42.5 0.21319057452405873
182.5 47.5 0.22313371616078753
182.5 52.5 0.27331617210262793
182.5 57.5 0.33489858844162823
182.5 62.5 0.4016718056066306
182.5 67.5 0.4272863568215892
182.5 72.5 0.36853271477468813
182.5 77.5 0.3081100958954485
182.5 82.5 0.2705864049107522
182.5 87.5 0.21450595456988486
182.5 92.5 0.17074481627110974
182.5 97.5 0.1464456451019773
182.5 102.5 0.12474894628157619
182.5 107.5 0.10862493281661056
182.5 112.5 0.0974088427484371
182.5 117.5 0.08663121269553903
182.5 122.5 0.08807388758450964
182.5 127.5 0.09994059573986591
182.5 132.5 0.13012361743656473
182.5 137.5 0.17255523181805324
182.5 142.5 0.23217165002404458
182.5 147.5 0.3379960962914769
182.5 152.5 0.453791971938559
182.5 157.5 0.5500410172272354
182.5 162.5 0.6250176798393257
182.5 167.5 0.6806455262934571
182.5 172.5 0.6952844332550706
182.5 177.5 0.6747899635088116
187.5 2.5 0.5082034454470877
187.5 7.5 0.45705920624593366
187.5 12.5 0.41462759186444514
187.5 17.5 0.4093660716811406
187.5 22.5 0.4174280784136234
187.5 27.5 0.3816016520041866
187.5 32.5 0.3450256004073435
187.5 37.5 0.3102599643574439
187.5 42.5 0.26969534100874093
187.5 47.5 0.26408022403892395
187.5 52.5 0.3084071171961189
187.5 57.5 0.35004667477581963
187.5 62.5 0.3770331815224463
187.5 67.5 0.36908432576164746
187.5 72.5 0.3083081100958954
187.5 77.5 0.26666855251619476
187.5 82.5 0.24036095159967186
187.5 87.5 0.1985658114339057
187.5 92.5 0.1696557381686515
187.5 97.5 0.1619897598370626
187.5 102.5 0.15322055953155497
187.5 107.5 0.14268337529348532
187.5 112.5 0.13483352663290996
187.5 117.5 0.12660179344290118
187.5 122.5 0.12894967610534355
187.5 127.5 0.14886424712172217
187.5 132.5 0.1945348080676643
187.5 137.5 0.2538966365873667
187.5 142.5 0.33516732199937765
187.5 147.5 0.4428304715566745
187.5 152.5 0.5466040564623349
187.5 157.5 0.6149613872309129
187.5 162.5 0.6526123730587536
187.5 167.5 0.6613391417498797
187.5 172.5 0.6272948431444655
187.5 177.5 0.5754434103702866
192.5 2.5 0.3631297558767786
192.5 7.5 0.378249554468049
192.5 12.5 0.38575995021357246
192.5 17.5 0.40860230262227376
192.5 22.5 0.4237786766993862
192.5 27.5 0.39420384147548865
192.5 32.5 0.34447398942038415
192.5 37.5 0.30898701592599925
192.5 42.5 0.26514101439846116
192.5 47.5 0.24222794263245737
192.5 52.5 0.267531328675285
192.5 57.5 0.2780543690418941
192.5 62.5 0.2560606489208226
192.5 67.5 0.22235580323046025
192.5 72.5 0.1893298633702017
192.5 77.5 0.17548301321037593
192.5 82.5 0.16261209018132444
192.5 87.5 0.13125512715340443
192.5 92.5 0.11411275494328307
192.5 97.5 0.11944499448389014
192.5 102.5 0.12418319142315634
192.5 107.5 0.12307996944923764
192.5 112.5 0.12245763910497581
192.5 117.5 0.12093010098724223
192.5 122.5 0.12175044553195101
192.5 127.5 0.1368561002517609
192.5 132.5 0.17767531328675285
192.5 137.5 0.23017736414811463
192.5 142.5 0.28484342734293233
192.5 147.5 0.34915561087380836
192.5 152.5 0.43000198014200447
192.5 157.5 0.46591326978020425
192.5 162.5 0.47735566179174566
192.5 167.5 0.45411728098215043
192.5 172.5 0.4045430115131114
192.5 177.5 0.3690560380187265
197.5 2.5 0.30786965008062006
197.5 7.5 0.3263415462080281
197.5 12.5 0.32812367401205056
197.5 17.5 0.3317303612344771
197.5 22.5 0.3213487595824729
197.5 27.5 0.2910242991711691
197.5 32.5 0.24826737574608923
197.5 37.5 0.2220587819297898
197.5 42.5 0.2013945857260049
197.5 47.5 0.18259738055500552
197.5 52.5 0.18419563803004158
197.5 57.5 0.1682554948940624
197.5 62.5 0.127280699273005
197.5 67.5 0.09636219626036038
197.5 72.5 0.08323668354501994
197.5 77.5 0.08059177958190716
197.5 82.5 0.07633447427229781
197.5 87.5 0.06868263981216939
197.5 92.5 0.06499108936097989
197.5 97.5 0.0715821334615711
197.5 102.5 0.07728211366015106
197.5 107.5 0.08035133376707873
197.5 112.5 0.0837600067890583
197.5 117.5 0.08303866934457299
197.5 122.5 0.08124239766908999
197.5 127.5 0.08417017906141269
197.5 132.5 0.1011286809425476
197.5 137.5 0.13067522842352408
197.5 142.5 0.15085853299765212
197.5 147.5 0.1719611892167124
197.5 152.5 0.19672710814404118
197.5 157.5 0.21493027071369974
197.5 162.5 0.23391134621368562
197.5 167.5 0.23048852932024555
197.5 172.5 0.23449124494356596
197.5 177.5 0.2632315917512942
202.5 2.5 0.24736216797261745
202.5 7.5 0.22132330061384403
202.5 12.5 0.19548244745551752
202.5 17.5 0.18459166643093547
202.5 22.5 0.16927385363921812
202.5 27.5 0.15678481513960002
202.5 32.5 0.13827048739781053
202.5 37.5 0.12627648439930977
202.5 42.5 0.11305196458374586
202.5 47.5 0.0988939492517892
202.5 52.5 0.09153913609233119
202.5 57.5 0.07349155610873809
202.5 62.5 0.048060875222765975
202.5 67.5 0.03540211026562191
202.5 72.5 0.03299765211733756
202.5 77.5 0.032050012729484316
202.5 82.5 0.03199343724364233
202.5 87.5 0.031201380441854543
202.5 92.5 0.030762920426579164
202.5 97.5 0.03513337670787248
202.5 102.5 0.041300104664648805
202.5 107.5 0.047028372606149754
202.5 112.5 0.05036632627082685
202.5 117.5 0.04916409719668468
202.5 122.5 0.044892648015614836
202.5 127.5 0.043860145398998615
202.5 132.5 0.04830132103759441
202.5 137.5 0.05733925490085146
202.5 142.5 0.06701366297983084
202.5 147.5 0.07626375491499533
202.5 152.5 0.09607931883115046
202.5 157.5 0.12923255353455348
202.5 162.5 0.15930242425956834
202.5 167.5 0.17828349975955418
202.5 172.5 0.20852309694209498
202.5 177.5 0.24088427484371022
207.5 2.5 0.13815733642612657
207.5 7.5 0.10302395971825408
207.5 12.5 0.08854063534270601
207.5 17.5 0.07906424146417357
207.5 22.5 0.0712426805465192
207.5 27.5 0.06593872874883314
207.5 32.5 0.062162315068880654
207.5 37.5 0.05914967044779497
207.5 42.5 0.05359112896381998
207.5 47.5 0.04683035840570281
207.5 52.5 0.03864105683007553
207.5 57.5 0.02763712483380951
207.5 62.5 0.017580832225396737
207.5 67.5 0.012489038499618115
207.5 72.5 0.011102939096489491
207.5 77.5 0.010862493281661056
207.5 82.5 0.01114537071087098
207.5 87.5 0.01103221973918701
207.5 92.5 0.011866708155356284
207.5 97.5 0.015133942462730898
207.5 102.5 0.02004186585952307
207.5 107.5 0.026024723487312947
207.5 112.5 0.02912223133716161
207.5 117.5 0.02772198806257249
207.5 122.5 0.025133659585301688
207.5 127.5 0.024638624084184324
207.5 132.5 0.025812565415405504
207.5 137.5 0.03243189725891771
207.5 142.5 0.04319538344035529
207.5 147.5 0.056405759384458715
207.5 152.5 0.08149698735537891
207.5 157.5 0.11654550083448842
207.5 162.5 0.1457667392718735
207.5 167.5 0.15480467313513055
207.5 172.5 0.1649458289723063
207.5 177.5 0.16725128002036718
212.5 2.5 0.04940454301151311
212.5 7.5 0.0391360923311929
212.5 12.5 0.038513761986931065
212.5 17.5 0.03602444060988374
212.5 22.5 0.032276314672852253
212.5 27.5 0.02910808746570111
212.5 32.5 0.0261944499448389
212.5 37.5 0.02332324403835818
212.5 42.5 0.02048032587479845
212.5 47.5 0.017538400611015248
212.5 52.5 0.013436677887471358
212.5 57.5 0.009193516449322509
212.5 62.5 0.006888065401261633
212.5 67.5 0.005487822126672513
212.5 72.5 0.004497751124437781
212.5 77.5 0.003931996266017934
212.5 82.5 0.003634974965347515
212.5 87.5 0.0035783994795055302
212.5 92.5 0.004667477581963735
212.5 97.5 0.006718338943735679
212.5 102.5 0.009532969364374417
212.5 107.5 0.013323526915787389
212.5 112.5 0.015742128935532233
212.5 117.5 0.016293739922491585
212.5 122.5 0.01671805606630647
212.5 127.5 0.018104155469435095
212.5 132.5 0.02052275748917994
212.5 137.5 0.025402393143051115
212.5 142.5 0.03472320443551809
212.5 147.5 0.048739781052869795
212.5 152.5 0.06950298435687817
212.5 157.5 0.08970043280246669
212.5 162.5 0.09773415179202852
212.5 167.5 0.09172300642131764
212.5 172.5 0.08156770671268139
212.5 177.5 0.06721167718027779
217.5 2.5 0.015742128935532233
217.5 7.5 0.014440892761166587
217.5 12.5 0.015713841192611242
217.5 17.5 0.015487539249243303
217.5 22.5 0.013931713388588724
217.5 27.5 0.012008146869961246
217.5 32.5 0.00940567452122995
217.5 37.5 0.007071935730248084
217.5 42.5 0.006378886028683771
217.5 47.5 0.005501965998133009
217.5 52.5 0.004229017566688354
217.5 57.5 0.00339452915051908
217.5 62.5 0.002871205906480722
217.5 67.5 0.0022488755622188904
217.5 72.5 0.0016689768323385477
217.5 77.5 0.0013719555316681281
217.5 82.5 0.0012022290741421741
217.5 87.5 0.0012446606885236626
217.5 92.5 0.0016689768323385477
217.5 97.5 0.002871205906480722
217.5 102.5 0.004398744024214308
217.5 107.5 0.006039433113631863
217.5 112.5 0.007566971231365449
217.5 117.5 0.00903793386325705
217.5 122.5 0.010579615852451133
217.5 127.5 0.012913354643433
217.5 132.5 0.015558258606545784
217.5 137.5 0.018910356142683375
217.5 142.5 0.024596192469802835
217.5 147.5 0.032488472744759696
217.5 152.5 0.04146983112217476
217.5 157.5 0.046858646148623805
217.5 162.5 0.04369041894147266
217.5 167.5 0.03613759158156771
217.5 172.5 0.027495686119204547
217.5 177.5 0.020932929761534328
222.5 2.5 0.006760770558117168
222.5 7.5 0.006718338943735679
222.5 12.5 0.006944640887103618
222.5 17.5 0.006873921529801137
222.5 22.5 0.0061525840853158325
222.5 27.5 0.005006930497015643
222.5 32.5 0.003649118836808011
222.5 37.5 0.0027580549347967524
222.5 42.5 0.00217815620491641
222.5 47.5 0.0018387032898645017
222.5 52.5 0.00151339424627309
222.5 57.5 0.001343667788747136
222.5 62.5 0.0011173658453791971
222.5 67.5 9.617832593137393E-4
222.5 72.5 8.062006732482815E-4
222.5 77.5 6.223303442618313E-4
222.5 82.5 4.950355011173658E-4
222.5 87.5 4.950355011173658E-4
222.5 92.5 6.364742157223275E-4
222.5 97.5 9.617832593137393E-4
222.5 102.5 0.0014851065033520976
222.5 107.5 0.0022347316907583943
222.5 112.5 0.0032389465644536222
222.5 117.5 0.004398744024214308
222.5 122.5 0.005586829226895986
222.5 127.5 0.007071935730248084
222.5 132.5 0.008656049333823653
222.5 137.5 0.01040988939492518
222.5 142.5 0.012743628185907047
222.5 147.5 0.014808633419139487
222.5 152.5 0.016039150236202653
222.5 157.5 0.01509151084834941
222.5 162.5 0.012390031399394642
222.5 167.5 0.010042148736952278
222.5 172.5 0.008330740290232242
222.5 177.5 0.007255806059234534
227.5 2.5 0.003931996266017934
227.5 7.5 0.003931996266017934
227.5 12.5 0.003931996266017934
227.5 17.5 0.003705694322649996
227.5 22.5 0.003196514950072134
227.5 27.5 0.0024893213770473253
227.5 32.5 0.001782127804022517
227.5 37.5 0.0013153800458261436
227.5 42.5 9.052077734717547E-4
227.5 47.5 8.062006732482815E-4
227.5 52.5 7.213374444853045E-4
227.5 57.5 6.364742157223275E-4
227.5 62.5 6.081864728013352E-4
227.5 67.5 5.374671154988543E-4
227.5 72.5 4.3846001527538117E-4
227.5 77.5 3.1116517213091566E-4
227.5 82.5 1.8387032898645018E-4
227.5 87.5 1.4143871460496168E-4
227.5 92.5 1.8387032898645018E-4
227.5 97.5 3.1116517213091566E-4
227.5 102.5 4.950355011173658E-4
227.5 107.5 7.354813159458007E-4
227.5 112.5 0.001089078102458205
227.5 117.5 0.00151339424627309
227.5 122.5 0.0022488755622188904
227.5 127.5 0.003069220106927668
227.5 132.5 0.003931996266017934
227.5 137.5 0.004766484682187208
227.5 142.5 0.005445390512291024
227.5 147.5 0.005586829226895986
227.5 152.5 0.005120081468699612
227.5 157.5 0.004483607252977285
227.5 162.5 0.004398744024214308
227.5 167.5 0.004526038867358774
227.5 172.5 0.004483607252977285
227.5 177.5 0.004158298209385873
232.5 2.5 0.00254589686288931
232.5 7.5 0.00254589686288931
232.5 12.5 0.0024893213770473253
232.5 17.5 0.002263019433679387
232.5 22.5 0.0018811349042459902
232.5 27.5 0.0014568187604311052
232.5 32.5 0.0010466464880767164
232.5 37.5 7.496251874062968E-4
232.5 42.5 5.374671154988543E-4
232.5 47.5 4.5260388673587737E-4
232.5 52.5 4.3846001527538117E-4
232.5 57.5 4.3846001527538117E-4
232.5 62.5 4.1017227235438887E-4
232.5 67.5 3.1116517213091566E-4
232.5 72.5 2.4044581482843483E-4
232.5 77.5 1.4143871460496168E-4
232.5 82.5 1.4143871460496168E-4
232.5 87.5 1.4143871460496168E-4
232.5 92.5 1.1315097168396934E-4
232.5 97.5 1.4143871460496168E-4
232.5 102.5 1.4143871460496168E-4
232.5 107.5 1.4143871460496168E-4
232.5 112.5 3.1116517213091566E-4
232.5 117.5 6.223303442618313E-4
232.5 122.5 8.627761590902662E-4
232.5 127.5 0.0011173658453791971
232.5 132.5 0.0014568187604311052
232.5 137.5 0.001852847161324998
232.5 142.5 0.002206443947837402
232.5 147.5 0.0023337387909818674
232.5 152.5 0.0021498684619954173
232.5 157.5 0.0019942858759299594
232.5 162.5 0.0022488755622188904
232.5 167.5 0.002531752991428814
232.5 172.5 0.002687335577494272
232.5 177.5 0.002602472348731295
237.5 2.5 0.002121580719074425
237.5 7.5 0.0020791491046929364
237.5 12.5 0.001951854261548471
237.5 17.5 0.0018104155469435095
237.5 22.5 0.0014568187604311052
237.5 27.5 0.001089078102458205
237.5 32.5 8.062006732482815E-4
237.5 37.5 5.798987298803428E-4
237.5 42.5 4.3846001527538117E-4
237.5 47.5 3.39452915051908E-4
237.5 52.5 3.1116517213091566E-4
237.5 57.5 3.1116517213091566E-4
237.5 62.5 2.4044581482843483E-4
237.5 67.5 1.8387032898645018E-4
237.5 72.5 1.4143871460496168E-4
237.5 77.5 1.4143871460496168E-4
237.5 82.5 1.272948431444655E-4
237.5 87.5 5.657548584198467E-5
237.5 92.5 5.657548584198467E-5
237.5 97.5 5.657548584198467E-5
237.5 102.5 5.657548584198467E-5
237.5 107.5 1.1315097168396934E-4
237.5 112.5 1.4143871460496168E-4
237.5 117.5 2.4044581482843483E-4
237.5 122.5 4.3846001527538117E-4
237.5 127.5 6.223303442618313E-4
237.5 132.5 7.63769058866793E-4
237.5 137.5 9.476393878532432E-4
237.5 142.5 0.001103221973918701
237.5 147.5 0.001258804559984159
237.5 152.5 0.0013153800458261436
237.5 157.5 0.0014143871460496167
237.5 162.5 0.00151339424627309
237.5 167.5 0.0018387032898645017
237.5 172.5 0.001951854261548471
237.5 177.5 0.002107436847613929
242.5 2.5 0.0023195949195213713
242.5 7.5 0.002305451048060875
242.5 12.5 0.002192300076376906
242.5 17.5 0.0018952787757064865
242.5 22.5 0.0014992503748125937
242.5 27.5 0.001173941331221182
242.5 32.5 8.627761590902662E-4
242.5 37.5 6.506180871828237E-4
242.5 42.5 4.950355011173658E-4
242.5 47.5 3.9602840089389266E-4
242.5 52.5 3.1116517213091566E-4
242.5 57.5 2.4044581482843483E-4
242.5 62.5 1.8387032898645018E-4
242.5 67.5 1.4143871460496168E-4
242.5 72.5 1.4143871460496168E-4
242.5 77.5 1.4143871460496168E-4
242.5 82.5 7.071935730248084E-5
242.5 87.5 5.657548584198467E-5
242.5 92.5 5.657548584198467E-5
242.5 97.5 5.657548584198467E-5
242.5 102.5 7.071935730248084E-5
242.5 107.5 1.4143871460496168E-4
242.5 112.5 1.4143871460496168E-4
242.5 117.5 2.4044581482843483E-4
242.5 122.5 3.818845294333965E-4
242.5 127.5 5.374671154988543E-4
242.5 132.5 6.506180871828237E-4
242.5 137.5 8.062006732482815E-4
242.5 142.5 9.33495516392747E-4
242.5 147.5 0.001089078102458205
242.5 152.5 0.0013012361743656475
242.5 157.5 0.0014568187604311052
242.5 162.5 0.0016406890894175555
242.5 167.5 0.0018952787757064865
242.5 172.5 0.0021640123334559134
242.5 177.5 0.002305451048060875
247.5 2.5 0.0031682272071511413
247.5 7.5 0.003295522050295607
247.5 12.5 0.0032389465644536222
247.5 17.5 0.002871205906480722
247.5 22.5 0.002263019433679387
247.5 27.5 0.0017114084467200362
247.5 32.5 0.0013295239172866396
247.5 37.5 9.759271307742355E-4
247.5 42.5 7.496251874062968E-4
247.5 47.5 5.516109869593505E-4
247.5 52.5 4.1017227235438887E-4
247.5 57.5 2.6873355774942716E-4
247.5 62.5 1.69726457525954E-4
247.5 67.5 1.4143871460496168E-4
247.5 72.5 1.4143871460496168E-4
247.5 77.5 1.4143871460496168E-4
247.5 82.5 8.4863228762977E-5
247.5 87.5 5.657548584198467E-5
247.5 92.5 5.657548584198467E-5
247.5 97.5 1.4143871460496168E-4
247.5 102.5 1.4143871460496168E-4
247.5 107.5 1.8387032898645018E-4
247.5 112.5 3.1116517213091566E-4
247.5 117.5 4.3846001527538117E-4
247.5 122.5 5.94042601340839E-4
247.5 127.5 7.354813159458007E-4
247.5 132.5 8.627761590902662E-4
247.5 137.5 0.0010325026166162201
247.5 142.5 0.0012870923029051511
247.5 147.5 0.0014851065033520976
247.5 152.5 0.001866991032785494
247.5 157.5 0.002192300076376906
247.5 162.5 0.002461033634126333
247.5 167.5 0.0027580549347967524
247.5 172.5 0.002885349777941218
247.5 177.5 0.0029985007496251873
252.5 2.5 0.0053039517976860625
252.5 7.5 0.005530253741054001
252.5 12.5 0.005530253741054001
252.5 17.5 0.005006930497015643
252.5 22.5 0.003931996266017934
252.5 27.5 0.0030126446210856834
252.5 32.5 0.0022488755622188904
252.5 37.5 0.001612401346496563
252.5 42.5 0.001103221973918701
252.5 47.5 8.062006732482815E-4
252.5 52.5 5.374671154988543E-4
252.5 57.5 3.39452915051908E-4
252.5 62.5 1.8387032898645018E-4
252.5 67.5 1.4143871460496168E-4
252.5 72.5 1.4143871460496168E-4
252.5 77.5 1.4143871460496168E-4
252.5 82.5 1.4143871460496168E-4
252.5 87.5 1.4143871460496168E-4
252.5 92.5 1.4143871460496168E-4
252.5 97.5 2.4044581482843483E-4
252.5 102.5 3.818845294333965E-4
252.5 107.5 5.374671154988543E-4
252.5 112.5 6.930497015643122E-4
252.5 117.5 8.627761590902662E-4
252.5 122.5 0.0010466464880767164
252.5 127.5 0.0013153800458261436
252.5 132.5 0.0014709626318916015
252.5 137.5 0.0017255523181805325
252.5 142.5 0.00217815620491641
252.5 147.5 0.002857062035020226
252.5 152.5 0.0034228168934400723
252.5 157.5 0.003931996266017934
252.5 162.5 0.004186585952306866
252.5 167.5 0.00435631240983282
252.5 172.5 0.004497751124437781
252.5 177.5 0.004893779525331674
257.5 2.5 0.00970269582190037
257.5 7.5 0.009829990665044835
257.5 12.5 0.009306667421006477
257.5 17.5 0.008217589318548274
257.5 22.5 0.006633475714972702
257.5 27.5 0.005077649854318124
257.5 32.5 0.0037764136799524764
257.5 37.5 0.002772198806257249
257.5 42.5 0.001767983932562021
257.5 47.5 0.001089078102458205
257.5 52.5 7.354813159458007E-4
257.5 57.5 4.5260388673587737E-4
257.5 62.5 2.8287742920992336E-4
257.5 67.5 2.4044581482843483E-4
257.5 72.5 2.4044581482843483E-4
257.5 77.5 2.4044581482843483E-4
257.5 82.5 2.6873355774942716E-4
257.5 87.5 3.1116517213091566E-4
257.5 92.5 4.3846001527538117E-4
257.5 97.5 5.94042601340839E-4
257.5 102.5 8.062006732482815E-4
257.5 107.5 0.001089078102458205
257.5 112.5 0.0014851065033520976
257.5 117.5 0.0018811349042459902
257.5 122.5 0.0023337387909818674
257.5 127.5 0.002871205906480722
257.5 132.5 0.003309665921756103
257.5 137.5 0.00387542078017595
257.5 142.5 0.004766484682187208
257.5 147.5 0.005897994399026902
257.5 152.5 0.0066476195864331985
257.5 157.5 0.007015360244406099
257.5 162.5 0.007312381545076518
257.5 167.5 0.007623546717207434
257.5 172.5 0.008401459647534724
257.5 177.5 0.0092218041922435
262.5 2.5 0.022715057565556845
262.5 7.5 0.020975361375915817
262.5 12.5 0.01866991032785494
262.5 17.5 0.015671409578229753
262.5 22.5 0.011569686854685865
262.5 27.5 0.007892280274956861
262.5 32.5 0.005742411812961444
262.5 37.5 0.00417244208084637
262.5 42.5 0.002772198806257249
262.5 47.5 0.0015699697321150746
262.5 52.5 9.617832593137393E-4
262.5 57.5 6.506180871828237E-4
262.5 62.5 4.5260388673587737E-4
262.5 67.5 4.3846001527538117E-4
262.5 72.5 4.950355011173658E-4
262.5 77.5 5.94042601340839E-4
262.5 82.5 6.647619586433198E-4
262.5 87.5 8.062006732482815E-4
262.5 92.5 9.759271307742355E-4
262.5 97.5 0.0013295239172866396
262.5 102.5 0.0017255523181805325
262.5 107.5 0.0024893213770473253
262.5 112.5 0.003550111736584538
262.5 117.5 0.004667477581963735
262.5 122.5 0.005671692455658963
262.5 127.5 0.006704195072275183
262.5 132.5 0.007793273174733388
262.5 137.5 0.009207660320783006
262.5 142.5 0.011286809425475941
262.5 147.5 0.013365958530168878
262.5 152.5 0.015614834092387769
262.5 157.5 0.017354530282028796
262.5 162.5 0.01830216966988204
262.5 167.5 0.021003649118836808
262.5 172.5 0.02284235240870131
262.5 177.5 0.023040366609148256
267.5 2.5 0.06517495968996634
267.5 7.5 0.05380328703572742
267.5 12.5 0.04545840287403468
267.5 17.5 0.03678820966875053
267.5 22.5 0.02530338604282764
267.5 27.5 0.014568187604311052
267.5 32.5 0.008740912562586632
267.5 37.5 0.006138440213855336
267.5 42.5 0.003931996266017934
267.5 47.5 0.002376170405363356
267.5 52.5 0.001442674888970609
267.5 57.5 9.617832593137393E-4
267.5 62.5 8.062006732482815E-4
267.5 67.5 8.062006732482815E-4
267.5 72.5 8.769200305507623E-4
267.5 77.5 0.001089078102458205
267.5 82.5 0.001343667788747136
267.5 87.5 0.0018104155469435095
267.5 92.5 0.002687335577494272
267.5 97.5 0.003535967865124042
267.5 102.5 0.004568470481740262
267.5 107.5 0.006209159571157817
267.5 112.5 0.008330740290232242
267.5 117.5 0.011074651353568499
267.5 122.5 0.01350739724477384
267.5 127.5 0.015770416678453227
267.5 132.5 0.019179089700432802
267.5 137.5 0.024398178269355888
267.5 142.5 0.028033153234703404
267.5 147.5 0.031781279171734886
267.5 152.5 0.03796215099997171
267.5 157.5 0.04482192865831235
267.5 162.5 0.05477921416650165
267.5 167.5 0.06443947837402053
267.5 172.5 0.06558513196232073
267.5 177.5 0.06811688495374954
272.5 2.5 0.19766060366043395
272.5 7.5 0.1395010042148737
272.5 12.5 0.09773415179202852
272.5 17.5 0.07322282255098865
272.5 22.5 0.04741025713558315
272.5 27.5 0.026152018330457414
272.5 32.5 0.014440892761166587
272.5 37.5 0.008938926763033577
272.5 42.5 0.005629260841277474
272.5 47.5 0.0035783994795055302
272.5 52.5 0.002305451048060875
272.5 57.5 0.001612401346496563
272.5 62.5 0.0014002432745891206
272.5 67.5 0.0014568187604311052
272.5 72.5 0.0017255523181805325
272.5 77.5 0.0021498684619954173
272.5 82.5 0.002871205906480722
272.5 87.5 0.0041300104664648805
272.5 92.5 0.0063081666713812904
272.5 97.5 0.008627761590902661
272.5 102.5 0.011838420412435291
272.5 107.5 0.016576617351701507
272.5 112.5 0.021795705920624592
272.5 117.5 0.02719866481853413
272.5 122.5 0.03018302169669882
272.5 127.5 0.03339368051823145
272.5 132.5 0.03963112783231026
272.5 137.5 0.04912166558230319
272.5 142.5 0.05951741110576787
272.5 147.5 0.07153970184718961
272.5 152.5 0.08890837600067891
272.5 157.5 0.12783231025996436
272.5 162.5 0.1812395688947979
272.5 167.5 0.21307742355237475
272.5 172.5 0.22971061638991824
272.5 177.5 0.22261039291674917
277.5 2.5 0.4377386778308959
277.5 7.5 0.28026081298973154
277.5 12.5 0.1804333682215496
277.5 17.5 0.11390059687137563
277.5 22.5 0.06671664167916042
277.5 27.5 0.03735396452717038
277.5 32.5 0.020947073632994823
277.5 37.5 0.013295239172866397
277.5 42.5 0.008316596418771745
277.5 47.5 0.005501965998133009
277.5 52.5 0.003790557551412973
277.5 57.5 0.002970213006704195
277.5 62.5 0.0027580549347967524
277.5 67.5 0.002941925263783203
277.5 72.5 0.0036066872224265224
277.5 77.5 0.004681621453424231
277.5 82.5 0.006294022799920794
277.5 87.5 0.00878334417696812
277.5 92.5 0.014327741789482618
277.5 97.5 0.02196543237815055
277.5 102.5 0.032050012729484316
277.5 107.5 0.04202144210913411
277.5 112.5 0.05173828180249498
277.5 117.5 0.057961585245113294
277.5 122.5 0.06342111962886482
277.5 127.5 0.07272778704987129
277.5 132.5 0.08336397838816441
277.5 137.5 0.10145398998613901
277.5 142.5 0.13701168283782636
277.5 147.5 0.18725071426550877
277.5 152.5 0.2521993720121072
277.5 157.5 0.37539249243302875
277.5 162.5 0.47834573279398035
277.5 167.5 0.5787813640349636
277.5 172.5 0.6129388136120619
277.5 177.5 0.5632796809142598
282.5 2.5 0.6180871828236825
282.5 7.5 0.41871517071652853
282.5 12.5 0.23205849905236062
282.5 17.5 0.13114197618172047
282.5 22.5 0.06967271081440411
282.5 27.5 0.039800854289836214
282.5 32.5 0.02468105569856581
282.5 37.5 0.016378603151254563
282.5 42.5 0.011131226839410483
282.5 47.5 0.007623546717207434
282.5 52.5 0.005897994399026902
282.5 57.5 0.005120081468699612
282.5 62.5 0.004950355011173658
282.5 67.5 0.00545953438375152
282.5 72.5 0.006873921529801137
282.5 77.5 0.00981584679358434
282.5 82.5 0.014285310175101129
282.5 87.5 0.020932929761534328
282.5 92.5 0.030876071398263132
282.5 97.5 0.04492093575853583
282.5 102.5 0.06366156544369325
282.5 107.5 0.08692823399620944
282.5 112.5 0.10732369664224492
282.5 117.5 0.12105739583038669
282.5 122.5 0.14268337529348532
282.5 127.5 0.166049050946225
282.5 132.5 0.19362960029419252
282.5 137.5 0.24439195496591326
282.5 142.5 0.32636983395094904
282.5 147.5 0.44544708777686626
282.5 152.5 0.5649345138751379
282.5 157.5 0.6978303301179599
282.5 162.5 0.7851263047721422
282.5 167.5 0.8500325309043592
282.5 172.5 0.8554213459308082
282.5 177.5 0.773118157902181
287.5 2.5 0.6336595853016888
287.5 7.5 0.3897202342225114
287.5 12.5 0.1959491952137139
287.5 17.5 0.09810189245000142
287.5 22.5 0.05320924443438658
287.5 27.5 0.03384628440496733
287.5 32.5 0.023153517580832225
287.5 37.5 0.017029221238437385
287.5 42.5 0.013309383044326894
287.5 47.5 0.010112868094254759
287.5 52.5 0.008260020932929761
287.5 57.5 0.007368957030918503
287.5 62.5 0.007623546717207434
287.5 67.5 0.008825775791349608
287.5 72.5 0.013139656586800939
287.5 77.5 0.02052275748917994
287.5 82.5 0.02960312296681848
287.5 87.5 0.041130378207122856
287.5 92.5 0.056320896155695736
287.5 97.5 0.08033718989561822
287.5 102.5 0.12166558230318802
287.5 107.5 0.1727391021470397
287.5 112.5 0.21022036151735454
287.5 117.5 0.2398093406127125
287.5 122.5 0.28832281972221435
287.5 127.5 0.343300048089163
287.5 132.5 0.4272014935928262
287.5 137.5 0.5134791095018528
287.5 142.5 0.6091765438035699
287.5 147.5 0.6989052643489576
287.5 152.5 0.7794687561879438
287.5 157.5 0.8758309524483041
287.5 162.5 0.9781194308506125
287.5 167.5 1.0
287.5 172.5 0.9379225481598823
287.5 177.5 0.7993267517184803
292.5 2.5 0.4394925178919974
292.5 7.5 0.21205906480721903
292.5 12.5 0.09722497241945065
292.5 17.5 0.05309609346270261
292.5 22.5 0.032601623716443665
292.5 27.5 0.023280812423976692
292.5 32.5 0.017962716754830133
292.5 37.5 0.015331956663177845
292.5 42.5 0.01362054821645781
292.5 47.5 0.012163729456026704
292.5 52.5 0.011414104268620407
292.5 57.5 0.011711125569290826
292.5 62.5 0.013295239172866397
292.5 67.5 0.01619473282226811
292.5 72.5 0.023125229837911234
292.5 77.5 0.03449690249215015
292.5 82.5 0.048145738451528954
292.5 87.5 0.06707023846567282
292.5 92.5 0.09578229753048004
292.5 97.5 0.1460496167010834
292.5 102.5 0.2191451444089276
292.5 107.5 0.29402279992079433
292.5 112.5 0.3752793414613448
292.5 117.5 0.44382054255890924
292.5 122.5 0.5003818845294334
292.5 127.5 0.568244179796894
292.5 132.5 0.6394161409861108
292.5 137.5 0.7061893581511132
292.5 142.5 0.7519589261972787
292.5 147.5 0.8073604707080422
292.5 152.5 0.8508387315776075
292.5 157.5 0.9148397499363525
292.5 162.5 0.9568046165596447
292.5 167.5 0.929846397555939
292.5 172.5 0.8143899748239088
292.5 177.5 0.660349070747645
297.5 2.5 0.15232949562954373
297.5 7.5 0.07064863794517835
297.5 12.5 0.03544454188000339
297.5 17.5 0.02277163305139883
297.5 22.5 0.016293739922491585
297.5 27.5 0.013422534016010863
297.5 32.5 0.012022290741421741
297.5 37.5 0.011781844926593307
297.5 42.5 0.012121297841645215
297.5 47.5 0.013040649486577465
297.5 52.5 0.014440892761166587
297.5 57.5 0.017071652852818874
297.5 62.5 0.02077734717546887
297.5 67.5 0.02568527057226104
297.5 72.5 0.033775565047664845
297.5 77.5 0.0461090209612175
297.5 82.5 0.060436762750700125
297.5 87.5 0.08254363384345563
297.5 92.5 0.11962886481287659
297.5 97.5 0.18941472659896466
297.5 102.5 0.28420695312721
297.5 107.5 0.3709654606658935
297.5 112.5 0.47077876156261494
297.5 117.5 0.5610873808378829
297.5 122.5 0.6221323300613844
297.5 127.5 0.678962405589658
297.5 132.5 0.7209838476987921
297.5 137.5 0.7489887131905745
297.5 142.5 0.7468671324715
297.5 147.5 0.7606715510169444
297.5 152.5 0.767220163503154
297.5 157.5 0.763910497581398
297.5 162.5 0.7418036264886425
297.5 167.5 0.6846340980453169
297.5 172.5 0.5190800826002093
297.5 177.5 0.321009306667421
302.5 2.5 0.03691550451189499
302.5 7.5 0.017609119968317728
302.5 12.5 0.010975644253345025
302.5 17.5 0.00878334417696812
302.5 22.5 0.007651834460128426
302.5 27.5 0.007057791858787587
302.5 32.5 0.007340669287997511
302.5 37.5 0.008330740290232242
302.5 42.5 0.009561257107295409
302.5 47.5 0.011498967497383383
302.5 52.5 0.014653050833074029
302.5 57.5 0.019362960029419254
302.5 62.5 0.025218522814064667
302.5 67.5 0.031017510112868095
302.5 72.5 0.038513761986931065
302.5 77.5 0.047650702950411586
302.5 82.5 0.05595315549772284
302.5 87.5 0.06842805012588045
302.5 92.5 0.09197759610760657
302.5 97.5 0.1424853610930384
302.5 102.5 0.21338858872450567
302.5 107.5 0.28665384288987583
302.5 112.5 0.3806823003592543
302.5 117.5 0.475941274645696
302.5 122.5 0.5540578767220163
302.5 127.5 0.5947639387853243
302.5 132.5 0.618157902180985
302.5 137.5 0.6249611043534836
302.5 142.5 0.5844247687477017
302.5 147.5 0.5306639133263557
302.5 152.5 0.5235919775961076
302.5 157.5 0.4655738168651523
302.5 162.5 0.36096574354332267
302.5 167.5 0.23036123447710108
302.5 172.5 0.13378688014483325
302.5 177.5 0.07118610506067721
307.5 2.5 0.007199230573392549
307.5 7.5 0.005120081468699612
307.5 12.5 0.004497751124437781
307.5 17.5 0.003974427880399423
307.5 22.5 0.003705694322649996
307.5 27.5 0.0038612769087154534
307.5 32.5 0.004511894995898278
307.5 37.5 0.005501965998133009
307.5 42.5 0.006576900229130718
307.5 47.5 0.008047862861022319
307.5 52.5 0.011187802325252467
307.5 57.5 0.0162371644366496
307.5 62.5 0.022121014964216004
307.5 67.5 0.02734010353313909
307.5 72.5 0.03220559531554977
307.5 77.5 0.03722666968402591
307.5 82.5 0.03975842267545473
307.5 87.5 0.04063534270600549
307.5 92.5 0.04690107776300529
307.5 97.5 0.06443947837402053
307.5 102.5 0.09653192271788634
307.5 107.5 0.1431076914373002
307.5 112.5 0.19289411897824674
307.5 117.5 0.24823908800316824
307.5 122.5 0.31311702639246414
307.5 127.5 0.33627054397329637
307.5 132.5 0.3244886990467031
307.5 137.5 0.30680885972108285
307.5 142.5 0.25190235071143674
307.5 147.5 0.20758960142570224
307.5 152.5 0.16132499787841928
307.5 157.5 0.11801646346638002
307.5 162.5 0.07776300528980792
307.5 167.5 0.04442590025741846
307.5 172.5 0.025529687986195582
307.5 177.5 0.013648835959378802
312.5 2.5 0.0016406890894175555
312.5 7.5 0.001442674888970609
312.5 12.5 0.0014568187604311052
312.5 17.5 0.0014568187604311052
312.5 22.5 0.0014992503748125937
312.5 27.5 0.0017538400611015247
312.5 32.5 0.0020791491046929364
312.5 37.5 0.002800486549178241
312.5 42.5 0.003451104636361065
312.5 47.5 0.004568470481740262
312.5 52.5 0.006407173771604764
312.5 57.5 0.009306667421006477
312.5 62.5 0.013422534016010863
312.5 67.5 0.0166049050946225
312.5 72.5 0.018952787757064864
312.5 77.5 0.02077734717546887
312.5 82.5 0.02077734717546887
312.5 87.5 0.01855675935617097
312.5 92.5 0.017849565783146164
312.5 97.5 0.023606121467568103
312.5 102.5 0.03608101609572572
312.5 107.5 0.05325167604876807
312.5 112.5 0.06965856694294362
312.5 117.5 0.08303866934457299
312.5 122.5 0.09527311815790218
312.5 127.5 0.09626318916013692
312.5 132.5 0.09211903482221154
312.5 137.5 0.0792905434075415
312.5 142.5 0.06187943763967073
312.5 147.5 0.0486973494384883
312.5 152.5 0.03036689202568527
312.5 157.5 0.020947073632994823
312.5 162.5 0.013846850159825747
312.5 167.5 0.00763769058866793
312.5 172.5 0.0046391898390427426
312.5 177.5 0.0028287742920992333
317.5 2.5 4.5260388673587737E-4
317.5 7.5 4.3846001527538117E-4
317.5 12.5 4.3846001527538117E-4
317.5 17.5 4.950355011173658E-4
317.5 22.5 6.081864728013352E-4
317.5 27.5 7.071935730248083E-4
317.5 32.5 8.344884161692738E-4
317.5 37.5 0.0010466464880767164
317.5 42.5 0.0013860994031286245
317.5 47.5 0.0018104155469435095
317.5 52.5 0.002715623320415264
317.5 57.5 0.004158298209385873
317.5 62.5 0.005728267941500948
317.5 67.5 0.006873921529801137
317.5 72.5 0.007566971231365449
317.5 77.5 0.008288308675850753
317.5 82.5 0.007962999632259342
317.5 87.5 0.00690220927272213
317.5 92.5 0.006393029900144268
317.5 97.5 0.007199230573392549
317.5 102.5 0.011074651353568499
317.5 107.5 0.017213091567423837
317.5 112.5 0.02302622273768776
317.5 117.5 0.02601057961585245
317.5 122.5 0.02775027580549348
317.5 127.5 0.02681678028910073
317.5 132.5 0.023620265339028598
317.5 137.5 0.016463466380017538
317.5 142.5 0.011315097168396933
317.5 147.5 0.007736697688891403
317.5 152.5 0.004667477581963735
317.5 157.5 0.002800486549178241
317.5 162.5 0.0014992503748125937
317.5 167.5 0.0010325026166162201
317.5 172.5 8.062006732482815E-4
317.5 177.5 6.223303442618313E-4
322.5 2.5 7.071935730248084E-5
322.5 7.5 8.4863228762977E-5
322.5 12.5 1.1315097168396934E-4
322.5 17.5 1.4143871460496168E-4
322.5 22.5 1.4143871460496168E-4
322.5 27.5 1.4143871460496168E-4
322.5 32.5 1.8387032898645018E-4
322.5 37.5 3.1116517213091566E-4
322.5 42.5 4.5260388673587737E-4
322.5 47.5 6.364742157223275E-4
322.5 52.5 9.476393878532432E-4
322.5 57.5 0.0014568187604311052
322.5 62.5 0.0020791491046929364
322.5 67.5 0.0026590478345732793
322.5 72.5 0.002871205906480722
322.5 77.5 0.0029277813923227064
322.5 82.5 0.002800486549178241
322.5 87.5 0.0024893213770473253
322.5 92.5 0.0023337387909818674
322.5 97.5 0.00254589686288931
322.5 102.5 0.003366241407598088
322.5 107.5 0.004879635653871178
322.5 112.5 0.006364742157223275
322.5 117.5 0.006873921529801137
322.5 122.5 0.006619331843512206
322.5 127.5 0.0059828576277898785
322.5 132.5 0.004950355011173658
322.5 137.5 0.003550111736584538
322.5 142.5 0.002715623320415264
322.5 147.5 0.001782127804022517
322.5 152.5 9.052077734717547E-4
322.5 157.5 4.5260388673587737E-4
322.5 162.5 1.4143871460496168E-4
322.5 167.5 1.4143871460496168E-4
322.5 172.5 7.071935730248084E-5
322.5 177.5 5.657548584198467E-5
327.5 2.5 5.657548584198467E-5
327.5 7.5 5.657548584198467E-5
327.5 12.5 5.657548584198467E-5
327.5 17.5 5.657548584198467E-5
327.5 22.5 5.657548584198467E-5
327.5 27.5 5.657548584198467E-5
327.5 32.5 5.657548584198467E-5
327.5 37.5 8.4863228762977E-5
327.5 42.5 1.4143871460496168E-4
327.5 47.5 1.4143871460496168E-4
327.5 52.5 3.5359678651240416E-4
327.5 57.5 5.798987298803428E-4
327.5 62.5 8.062006732482815E-4
327.5 67.5 9.476393878532432E-4
327.5 72.5 0.0010325026166162201
327.5 77.5 0.0010325026166162201
327.5 82.5 0.0010325026166162201
327.5 87.5 0.001004214873695228
327.5 92.5 9.476393878532432E-4
327.5 97.5 9.193516449322508E-4
327.5 102.5 9.476393878532432E-4
327.5 107.5 0.001188085202681678
327.5 112.5 0.00151339424627309
327.5 117.5 0.001612401346496563
327.5 122.5 0.0014143871460496167
327.5 127.5 0.0011173658453791971
327.5 132.5 9.193516449322508E-4
327.5 137.5 8.062006732482815E-4
327.5 142.5 6.364742157223275E-4
327.5 147.5 3.9602840089389266E-4
327.5 152.5 1.4143871460496168E-4
327.5 157.5 5.657548584198467E-5
327.5 162.5 5.657548584198467E-5
327.5 167.5 4.24316143814885E-5
327.5 172.5 4.24316143814885E-5
327.5 177.5 4.24316143814885E-5
332.5 2.5 2.8287742920992336E-5
332.5 7.5 2.8287742920992336E-5
332.5 12.5 2.8287742920992336E-5
332.5 17.5 2.8287742920992336E-5
332.5 22.5 2.8287742920992336E-5
332.5 27.5 4.24316143814885E-5
332.5 32.5 4.24316143814885E-5
332.5 37.5 5.657548584198467E-5
332.5 42.5 5.657548584198467E-5
332.5 47.5 5.657548584198467E-5
332.5 52.5 1.4143871460496168E-4
332.5 57.5 1.4143871460496168E-4
332.5 62.5 2.4044581482843483E-4
332.5 67.5 3.1116517213091566E-4
332.5 72.5 3.6774065797290037E-4
332.5 77.5 4.1017227235438887E-4
332.5 82.5 4.24316143814885E-4
332.5 87.5 3.9602840089389266E-4
332.5 92.5 3.1116517213091566E-4
332.5 97.5 2.4044581482843483E-4
332.5 102.5 1.9801420044694633E-4
332.5 107.5 2.4044581482843483E-4
332.5 112.5 3.1116517213091566E-4
332.5 117.5 3.1116517213091566E-4
332.5 122.5 2.4044581482843483E-4
332.5 127.5 1.4143871460496168E-4
332.5 132.5 1.4143871460496168E-4
332.5 137.5 1.4143871460496168E-4
332.5 142.5 5.657548584198467E-5
332.5 147.5 5.657548584198467E-5
332.5 152.5 4.24316143814885E-5
332.5 157.5 2.8287742920992336E-5
332.5 162.5 2.8287742920992336E-5
332.5 167.5 2.8287742920992336E-5
332.5 172.5 2.8287742920992336E-5
332.5 177.5 2.8287742920992336E-5
337.5 2.5 1.4143871460496168E-5
337.5 7.5 1.4143871460496168E-5
337.5 12.5 1.4143871460496168E-5
337.5 17.5 1.4143871460496168E-5
337.5 22.5 1.4143871460496168E-5
337.5 27.5 1.4143871460496168E-5
337.5 32.5 2.8287742920992336E-5
337.5 37.5 2.8287742920992336E-5
337.5 42.5 4.24316143814885E-5
337.5 47.5 4.24316143814885E-5
337.5 52.5 5.657548584198467E-5
337.5 57.5 5.657548584198467E-5
337.5 62.5 5.657548584198467E-5
337.5 67.5 1.1315097168396934E-4
337.5 72.5 1.1315097168396934E-4
337.5 77.5 8.4863228762977E-5
337.5 82.5 8.4863228762977E-5
337.5 87.5 7.071935730248084E-5
337.5 92.5 5.657548584198467E-5
337.5 97.5 5.657548584198467E-5
337.5 102.5 5.657548584198467E-5
337.5 107.5 5.657548584198467E-5
337.5 112.5 5.657548584198467E-5
337.5 117.5 5.657548584198467E-5
337.5 122.5 5.657548584198467E-5
337.5 127.5 5.657548584198467E-5
337.5 132.5 4.24316143814885E-5
337.5 137.5 4.24316143814885E-5
337.5 142.5 4.24316143814885E-5
337.5 147.5 2.8287742920992336E-5
337.5 152.5 2.8287742920992336E-5
337.5 157.5 1.4143871460496168E-5
337.5 162.5 1.4143871460496168E-5
337.5 167.5 1.4143871460496168E-5
337.5 172.5 1.4143871460496168E-5
337.5 177.5 1.4143871460496168E-5
342.5 32.5 1.4143871460496168E-5
342.5 37.5 1.4143871460496168E-5
342.5 42.5 2.8287742920992336E-5
342.5 47.5 2.8287742920992336E-5
342.5 52.5 4.24316143814885E-5
342.5 57.5 4.24316143814885E-5
342.5 62.5 4.24316143814885E-5
342.5 67.5 5.657548584198467E-5
342.5 72.5 5.657548584198467E-5
342.5 77.5 5.657548584198467E-5
342.5 82.5 4.24316143814885E-5
342.5 87.5 4.24316143814885E-5
342.5 92.5 4.24316143814885E-5
342.5 97.5 5.657548584198467E-5
342.5 102.5 4.24316143814885E-5
342.5 107.5 4.24316143814885E-5
342.5 112.5 4.24316143814885E-5
342.5 117.5 4.24316143814885E-5
342.5 122.5 2.8287742920992336E-5
342.5 127.5 2.8287742920992336E-5
342.5 132.5 2.8287742920992336E-5
342.5 137.5 1.4143871460496168E-5
342.5 142.5 1.4143871460496168E-5
342.5 147.5 1.4143871460496168E-5
342.5 152.5 1.4143871460496168E-5
347.5 42.5 1.4143871460496168E-5
347.5 47.5 1.4143871460496168E-5
347.5 52.5 2.8287742920992336E-5
347.5 57.5 2.8287742920992336E-5
347.5 62.5 2.8287742920992336E-5
347.5 67.5 2.8287742920992336E-5
347.5 72.5 2.8287742920992336E-5
347.5 77.5 2.8287742920992336E-5
347.5 82.5 2.8287742920992336E-5
347.5 87.5 2.8287742920992336E-5
347.5 92.5 2.8287742920992336E-5
347.5 97.5 2.8287742920992336E-5
347.5 102.5 2.8287742920992336E-5
347.5 107.5 2.8287742920992336E-5
347.5 112.5 2.8287742920992336E-5
347.5 117.5 1.4143871460496168E-5
347.5 122.5 1.4143871460496168E-5
352.5 87.5 1.4143871460496168E-5
352.5 92.5 1.4143871460496168E-5
352.5 97.5 1.4143871460496168E-5
352.5 102.5 1.4143871460496168E-5
352.5 107.5 1.4143871460496168E-5
