# Table name/description: "Top8000 Ile"
# Number of dimensions: 2
# For each dimension, 1 to 2: lower_bound  upper_bound  number_of_bins  wrapping
# x1: -180.0 180.0 72 true
# x2: -180.0 180.0 72 true
# List of table coordinates and values. (Value is last number on each line.)
-177.5 -177.5 0.022172286774850
-177.5 -172.5 0.006001735098773
-177.5 -167.5 0.001777765135892
-177.5 -162.5 0.000668439691096
-177.5 -157.5 0.000255998179569
-177.5 -152.5 0.000184887574133
-177.5 -147.5 0.000099554847610
-177.5 -112.5 0.000056888484349
-177.5 -107.5 0.000099554847610
-177.5 -102.5 0.000099554847610
-177.5 -97.5 0.000113776968697
-177.5 -92.5 0.000184887574133
-177.5 -87.5 0.000184887574133
-177.5 -82.5 0.000113776968697
-177.5 -77.5 0.000099554847610
-177.5 -72.5 0.000099554847610
-177.5 -67.5 0.000056888484349
-177.5 32.5 0.000113776968697
-177.5 37.5 0.000469329995876
-177.5 42.5 0.001934208467851
-177.5 47.5 0.009784819307952
-177.5 52.5 0.026894030975780
-177.5 57.5 0.054456501642655
-177.5 62.5 0.069958613627636
-177.5 67.5 0.057869810703568
-177.5 72.5 0.035000639995449
-177.5 77.5 0.018943865288069
-177.5 82.5 0.010183038698391
-177.5 87.5 0.005105741470283
-177.5 92.5 0.003199977244606
-177.5 97.5 0.001863097862415
-177.5 102.5 0.001166213929145
-177.5 107.5 0.000810660901967
-177.5 112.5 0.000753772417618
-177.5 117.5 0.000796438780880
-177.5 122.5 0.001052436960448
-177.5 127.5 0.001493322714150
-177.5 132.5 0.002275539373942
-177.5 137.5 0.003598196635046
-177.5 142.5 0.007537724176184
-177.5 147.5 0.017521653179355
-177.5 152.5 0.034744641815880
-177.5 157.5 0.073187035114417
-177.5 162.5 0.150043377469316
-177.5 167.5 0.191984412555289
-177.5 172.5 0.146018517201655
-177.5 177.5 0.063444882169727
-172.5 -177.5 0.026410478858817
-172.5 -172.5 0.007551946297271
-172.5 -167.5 0.002559981795685
-172.5 -162.5 0.000952882112838
-172.5 -157.5 0.000327108785004
-172.5 -152.5 0.000227553937394
-172.5 -147.5 0.000113776968697
-172.5 -142.5 0.000056888484349
-172.5 -112.5 0.000056888484349
-172.5 -107.5 0.000099554847610
-172.5 -102.5 0.000099554847610
-172.5 -97.5 0.000113776968697
-172.5 -92.5 0.000156443331959
-172.5 -87.5 0.000156443331959
-172.5 -82.5 0.000113776968697
-172.5 -77.5 0.000099554847610
-172.5 -72.5 0.000099554847610
-172.5 -67.5 0.000056888484349
-172.5 27.5 0.000028444242174
-172.5 32.5 0.000213331816307
-172.5 37.5 0.000796438780880
-172.5 42.5 0.003498641787436
-172.5 47.5 0.015971441980857
-172.5 52.5 0.040618377824869
-172.5 57.5 0.086157609545888
-172.5 62.5 0.119451595010880
-172.5 67.5 0.091092685563125
-172.5 72.5 0.049990755621293
-172.5 77.5 0.025557151593589
-172.5 82.5 0.016070996828467
-172.5 87.5 0.008760826589678
-172.5 92.5 0.004579522990059
-172.5 97.5 0.002730647248731
-172.5 102.5 0.001535989077411
-172.5 107.5 0.001023992718274
-172.5 112.5 0.000810660901967
-172.5 117.5 0.000981326355013
-172.5 122.5 0.001208880292407
-172.5 127.5 0.001720876651544
-172.5 132.5 0.002858646338515
-172.5 137.5 0.004892409653976
-172.5 142.5 0.010979477479271
-172.5 147.5 0.021304737388534
-172.5 152.5 0.044657460213616
-172.5 157.5 0.098545077012786
-172.5 162.5 0.190960419837015
-172.5 167.5 0.244279151792698
-172.5 172.5 0.186537340178914
-172.5 177.5 0.079103437486667
-167.5 -177.5 0.029425568529290
-167.5 -172.5 0.010026595366433
-167.5 -167.5 0.003185755123519
-167.5 -162.5 0.001208880292407
-167.5 -157.5 0.000625773327834
-167.5 -152.5 0.000284442421743
-167.5 -147.5 0.000199109695220
-167.5 -142.5 0.000099554847610
-167.5 -137.5 0.000042666363261
-167.5 -112.5 0.000056888484349
-167.5 -107.5 0.000099554847610
-167.5 -102.5 0.000099554847610
-167.5 -97.5 0.000099554847610
-167.5 -92.5 0.000113776968697
-167.5 -87.5 0.000113776968697
-167.5 -82.5 0.000099554847610
-167.5 -77.5 0.000099554847610
-167.5 -72.5 0.000099554847610
-167.5 -67.5 0.000056888484349
-167.5 27.5 0.000056888484349
-167.5 32.5 0.000227553937394
-167.5 37.5 0.000867549386315
-167.5 42.5 0.003697751482656
-167.5 47.5 0.016099441070641
-167.5 52.5 0.041599704179881
-167.5 57.5 0.090922020110079
-167.5 62.5 0.129734188556881
-167.5 67.5 0.106296133005276
-167.5 72.5 0.060031573108813
-167.5 77.5 0.031231777907357
-167.5 82.5 0.018801644077198
-167.5 87.5 0.011363474748624
-167.5 92.5 0.005575071466158
-167.5 97.5 0.003043533912648
-167.5 102.5 0.001678210288282
-167.5 107.5 0.001038214839361
-167.5 112.5 0.000853327265228
-167.5 117.5 0.000995548476100
-167.5 122.5 0.001208880292407
-167.5 127.5 0.001692432409370
-167.5 132.5 0.002901312701776
-167.5 137.5 0.005176852075719
-167.5 142.5 0.011719027775802
-167.5 147.5 0.021830955868758
-167.5 152.5 0.045482343236670
-167.5 157.5 0.095060657346437
-167.5 162.5 0.175145421188116
-167.5 167.5 0.228307709811841
-167.5 172.5 0.179141837213602
-167.5 177.5 0.078378109311223
-162.5 -177.5 0.026837142491431
-162.5 -172.5 0.010808812026226
-162.5 -167.5 0.003370642697652
-162.5 -162.5 0.001351101503278
-162.5 -157.5 0.000696883933270
-162.5 -152.5 0.000312886663917
-162.5 -147.5 0.000227553937394
-162.5 -142.5 0.000113776968697
-162.5 -137.5 0.000056888484349
-162.5 -112.5 0.000014222121087
-162.5 -107.5 0.000056888484349
-162.5 -102.5 0.000099554847610
-162.5 -97.5 0.000099554847610
-162.5 -92.5 0.000099554847610
-162.5 -87.5 0.000099554847610
-162.5 -82.5 0.000099554847610
-162.5 -77.5 0.000099554847610
-162.5 -72.5 0.000056888484349
-162.5 -67.5 0.000042666363261
-162.5 27.5 0.000056888484349
-162.5 32.5 0.000199109695220
-162.5 37.5 0.000711106054357
-162.5 42.5 0.002887090580689
-162.5 47.5 0.011619472928193
-162.5 52.5 0.030734003669307
-162.5 57.5 0.063700880349295
-162.5 62.5 0.094975324619914
-162.5 67.5 0.090410023750942
-162.5 72.5 0.060486680983602
-162.5 77.5 0.033948203035001
-162.5 82.5 0.019384751041770
-162.5 87.5 0.011306586264275
-162.5 92.5 0.005247962681154
-162.5 97.5 0.002901312701776
-162.5 102.5 0.001521766956324
-162.5 107.5 0.000952882112838
-162.5 112.5 0.000767994538706
-162.5 117.5 0.000853327265228
-162.5 122.5 0.001052436960448
-162.5 127.5 0.001464878471975
-162.5 132.5 0.002375094221552
-162.5 137.5 0.004223969962880
-162.5 142.5 0.009599931733819
-162.5 147.5 0.018545645897629
-162.5 152.5 0.036067299076984
-162.5 157.5 0.070868829377213
-162.5 162.5 0.130288851279280
-162.5 167.5 0.165829931876040
-162.5 172.5 0.136859471221538
-162.5 177.5 0.067071523046947
-157.5 -177.5 0.020764296787223
-157.5 -172.5 0.008746604468590
-157.5 -167.5 0.003157310881345
-157.5 -162.5 0.001223102413494
-157.5 -157.5 0.000682661812183
-157.5 -152.5 0.000312886663917
-157.5 -147.5 0.000227553937394
-157.5 -142.5 0.000156443331959
-157.5 -137.5 0.000099554847610
-157.5 -132.5 0.000014222121087
-157.5 -107.5 0.000042666363261
-157.5 -102.5 0.000056888484349
-157.5 -97.5 0.000099554847610
-157.5 -92.5 0.000099554847610
-157.5 -87.5 0.000099554847610
-157.5 -82.5 0.000099554847610
-157.5 -77.5 0.000056888484349
-157.5 -72.5 0.000056888484349
-157.5 -67.5 0.000014222121087
-157.5 27.5 0.000042666363261
-157.5 32.5 0.000142221210871
-157.5 37.5 0.000341330906091
-157.5 42.5 0.001393767866540
-157.5 47.5 0.005390183892026
-157.5 52.5 0.018730533471762
-157.5 57.5 0.036408629983076
-157.5 62.5 0.055594271329626
-157.5 67.5 0.061581784307312
-157.5 72.5 0.049293871688024
-157.5 77.5 0.029340235802768
-157.5 82.5 0.016895879851521
-157.5 87.5 0.008248830230541
-157.5 92.5 0.003982193904399
-157.5 97.5 0.002190206647419
-157.5 102.5 0.001166213929145
-157.5 107.5 0.000739550296531
-157.5 112.5 0.000668439691096
-157.5 117.5 0.000711106054357
-157.5 122.5 0.000796438780880
-157.5 127.5 0.001038214839361
-157.5 132.5 0.001649766046108
-157.5 137.5 0.002887090580689
-157.5 142.5 0.005048852985934
-157.5 147.5 0.011662139291454
-157.5 152.5 0.021902066474194
-157.5 157.5 0.043149915378380
-157.5 162.5 0.070968384224823
-157.5 167.5 0.088831368310270
-157.5 172.5 0.074253694195952
-157.5 177.5 0.044159685975566
-152.5 -177.5 0.013511015032782
-152.5 -172.5 0.005375961770939
-152.5 -167.5 0.002261317252855
-152.5 -162.5 0.000952882112838
-152.5 -157.5 0.000540440601311
-152.5 -152.5 0.000284442421743
-152.5 -147.5 0.000213331816307
-152.5 -142.5 0.000156443331959
-152.5 -137.5 0.000099554847610
-152.5 -132.5 0.000028444242174
-152.5 -102.5 0.000014222121087
-152.5 -97.5 0.000056888484349
-152.5 -92.5 0.000056888484349
-152.5 -87.5 0.000056888484349
-152.5 -82.5 0.000056888484349
-152.5 -77.5 0.000056888484349
-152.5 -72.5 0.000042666363261
-152.5 32.5 0.000099554847610
-152.5 37.5 0.000213331816307
-152.5 42.5 0.000696883933270
-152.5 47.5 0.001848875741328
-152.5 52.5 0.006741285395304
-152.5 57.5 0.017678096511314
-152.5 62.5 0.029411346408203
-152.5 67.5 0.037759731486354
-152.5 72.5 0.032241548504544
-152.5 77.5 0.020707408302874
-152.5 82.5 0.010680812936441
-152.5 87.5 0.004351969052665
-152.5 92.5 0.002559981795685
-152.5 97.5 0.001393767866540
-152.5 102.5 0.000767994538706
-152.5 107.5 0.000455107874788
-152.5 112.5 0.000369775148266
-152.5 117.5 0.000398219390440
-152.5 122.5 0.000583106964573
-152.5 127.5 0.000711106054357
-152.5 132.5 0.000981326355013
-152.5 137.5 0.001464878471975
-152.5 142.5 0.002559981795685
-152.5 147.5 0.004721744200930
-152.5 152.5 0.011022143842533
-152.5 157.5 0.020636297697439
-152.5 162.5 0.032682434258245
-152.5 167.5 0.040262824797690
-152.5 172.5 0.035441525749150
-152.5 177.5 0.023651387367912
-147.5 -177.5 0.005575071466158
-147.5 -172.5 0.003000867549386
-147.5 -167.5 0.001279990897843
-147.5 -162.5 0.000696883933270
-147.5 -157.5 0.000312886663917
-147.5 -152.5 0.000255998179569
-147.5 -147.5 0.000199109695220
-147.5 -142.5 0.000099554847610
-147.5 -137.5 0.000099554847610
-147.5 -132.5 0.000014222121087
-147.5 -87.5 0.000028444242174
-147.5 -82.5 0.000028444242174
-147.5 -77.5 0.000028444242174
-147.5 -72.5 0.000028444242174
-147.5 -67.5 0.000014222121087
-147.5 -62.5 0.000014222121087
-147.5 -57.5 0.000014222121087
-147.5 -52.5 0.000014222121087
-147.5 32.5 0.000056888484349
-147.5 37.5 0.000099554847610
-147.5 42.5 0.000255998179569
-147.5 47.5 0.000696883933270
-147.5 52.5 0.001834653620241
-147.5 57.5 0.005930624493337
-147.5 62.5 0.015402557137371
-147.5 67.5 0.019555416494816
-147.5 72.5 0.017720762874575
-147.5 77.5 0.010865700510574
-147.5 82.5 0.004295080568316
-147.5 87.5 0.002346649979378
-147.5 92.5 0.001351101503278
-147.5 97.5 0.000796438780880
-147.5 102.5 0.000369775148266
-147.5 107.5 0.000255998179569
-147.5 112.5 0.000255998179569
-147.5 117.5 0.000255998179569
-147.5 122.5 0.000255998179569
-147.5 127.5 0.000284442421743
-147.5 132.5 0.000440885753701
-147.5 137.5 0.000725328175444
-147.5 142.5 0.001066659081535
-147.5 147.5 0.002005319073287
-147.5 152.5 0.004110192994183
-147.5 157.5 0.008362607199238
-147.5 162.5 0.014307453813662
-147.5 167.5 0.016910101972608
-147.5 172.5 0.016070996828467
-147.5 177.5 0.010951033237097
-142.5 -177.5 0.002503093311336
-142.5 -172.5 0.001294213018930
-142.5 -167.5 0.000696883933270
-142.5 -162.5 0.000298664542830
-142.5 -157.5 0.000255998179569
-142.5 -152.5 0.000213331816307
-142.5 -147.5 0.000184887574133
-142.5 -142.5 0.000099554847610
-142.5 -137.5 0.000056888484349
-142.5 -72.5 0.000028444242174
-142.5 -67.5 0.000042666363261
-142.5 -62.5 0.000056888484349
-142.5 -57.5 0.000056888484349
-142.5 -52.5 0.000056888484349
-142.5 -47.5 0.000042666363261
-142.5 -42.5 0.000028444242174
-142.5 32.5 0.000056888484349
-142.5 37.5 0.000099554847610
-142.5 42.5 0.000156443331959
-142.5 47.5 0.000255998179569
-142.5 52.5 0.000725328175444
-142.5 57.5 0.001749320893718
-142.5 62.5 0.003953749662225
-142.5 67.5 0.006229289036167
-142.5 72.5 0.005831069645727
-142.5 77.5 0.003754639967005
-142.5 82.5 0.002005319073287
-142.5 87.5 0.001166213929145
-142.5 92.5 0.000739550296531
-142.5 97.5 0.000341330906091
-142.5 102.5 0.000227553937394
-142.5 107.5 0.000199109695220
-142.5 112.5 0.000184887574133
-142.5 117.5 0.000184887574133
-142.5 122.5 0.000184887574133
-142.5 127.5 0.000184887574133
-142.5 132.5 0.000213331816307
-142.5 137.5 0.000255998179569
-142.5 142.5 0.000455107874788
-142.5 147.5 0.000952882112838
-142.5 152.5 0.001777765135892
-142.5 157.5 0.003100422396996
-142.5 162.5 0.004295080568316
-142.5 167.5 0.005077297228109
-142.5 172.5 0.004750188443104
-142.5 177.5 0.003683529361569
-137.5 -177.5 0.000995548476100
-137.5 -172.5 0.000540440601311
-137.5 -167.5 0.000255998179569
-137.5 -162.5 0.000213331816307
-137.5 -157.5 0.000184887574133
-137.5 -152.5 0.000113776968697
-137.5 -147.5 0.000099554847610
-137.5 -142.5 0.000056888484349
-137.5 -137.5 0.000014222121087
-137.5 -77.5 0.000014222121087
-137.5 -72.5 0.000056888484349
-137.5 -67.5 0.000056888484349
-137.5 -62.5 0.000056888484349
-137.5 -57.5 0.000056888484349
-137.5 -52.5 0.000056888484349
-137.5 -47.5 0.000056888484349
-137.5 -42.5 0.000056888484349
-137.5 -37.5 0.000014222121087
-137.5 32.5 0.000014222121087
-137.5 37.5 0.000071110605436
-137.5 42.5 0.000099554847610
-137.5 47.5 0.000184887574133
-137.5 52.5 0.000284442421743
-137.5 57.5 0.000739550296531
-137.5 62.5 0.001279990897843
-137.5 67.5 0.001820431499154
-137.5 72.5 0.001891542104589
-137.5 77.5 0.001621321803934
-137.5 82.5 0.001023992718274
-137.5 87.5 0.000682661812183
-137.5 92.5 0.000312886663917
-137.5 97.5 0.000227553937394
-137.5 102.5 0.000184887574133
-137.5 107.5 0.000099554847610
-137.5 112.5 0.000099554847610
-137.5 117.5 0.000099554847610
-137.5 122.5 0.000099554847610
-137.5 127.5 0.000099554847610
-137.5 132.5 0.000099554847610
-137.5 137.5 0.000156443331959
-137.5 142.5 0.000213331816307
-137.5 147.5 0.000383997269353
-137.5 152.5 0.000796438780880
-137.5 157.5 0.001279990897843
-137.5 162.5 0.001777765135892
-137.5 167.5 0.001934208467851
-137.5 172.5 0.001848875741328
-137.5 177.5 0.001479100593062
-132.5 -177.5 0.000341330906091
-132.5 -172.5 0.000227553937394
-132.5 -167.5 0.000184887574133
-132.5 -162.5 0.000099554847610
-132.5 -157.5 0.000099554847610
-132.5 -152.5 0.000099554847610
-132.5 -147.5 0.000056888484349
-132.5 -77.5 0.000042666363261
-132.5 -72.5 0.000056888484349
-132.5 -67.5 0.000056888484349
-132.5 -62.5 0.000056888484349
-132.5 -57.5 0.000056888484349
-132.5 -52.5 0.000056888484349
-132.5 -47.5 0.000056888484349
-132.5 -42.5 0.000056888484349
-132.5 -37.5 0.000028444242174
-132.5 37.5 0.000056888484349
-132.5 42.5 0.000099554847610
-132.5 47.5 0.000113776968697
-132.5 52.5 0.000213331816307
-132.5 57.5 0.000312886663917
-132.5 62.5 0.000668439691096
-132.5 67.5 0.000796438780880
-132.5 72.5 0.000839105144141
-132.5 77.5 0.000739550296531
-132.5 82.5 0.000526218480224
-132.5 87.5 0.000298664542830
-132.5 92.5 0.000255998179569
-132.5 97.5 0.000184887574133
-132.5 102.5 0.000099554847610
-132.5 107.5 0.000071110605436
-132.5 112.5 0.000056888484349
-132.5 127.5 0.000028444242174
-132.5 132.5 0.000056888484349
-132.5 137.5 0.000099554847610
-132.5 142.5 0.000099554847610
-132.5 147.5 0.000213331816307
-132.5 152.5 0.000327108785004
-132.5 157.5 0.000696883933270
-132.5 162.5 0.000910215749577
-132.5 167.5 0.001023992718274
-132.5 172.5 0.000910215749577
-132.5 177.5 0.000696883933270
-127.5 -177.5 0.000199109695220
-127.5 -172.5 0.000099554847610
-127.5 -167.5 0.000099554847610
-127.5 -162.5 0.000056888484349
-127.5 -157.5 0.000014222121087
-127.5 -82.5 0.000014222121087
-127.5 -77.5 0.000056888484349
-127.5 -72.5 0.000056888484349
-127.5 -67.5 0.000056888484349
-127.5 -62.5 0.000071110605436
-127.5 -57.5 0.000071110605436
-127.5 -52.5 0.000056888484349
-127.5 -47.5 0.000056888484349
-127.5 -42.5 0.000056888484349
-127.5 -37.5 0.000028444242174
-127.5 42.5 0.000056888484349
-127.5 47.5 0.000099554847610
-127.5 52.5 0.000184887574133
-127.5 57.5 0.000213331816307
-127.5 62.5 0.000255998179569
-127.5 67.5 0.000312886663917
-127.5 72.5 0.000341330906091
-127.5 77.5 0.000312886663917
-127.5 82.5 0.000284442421743
-127.5 87.5 0.000255998179569
-127.5 92.5 0.000199109695220
-127.5 97.5 0.000113776968697
-127.5 102.5 0.000099554847610
-127.5 107.5 0.000056888484349
-127.5 137.5 0.000042666363261
-127.5 142.5 0.000056888484349
-127.5 147.5 0.000099554847610
-127.5 152.5 0.000184887574133
-127.5 157.5 0.000255998179569
-127.5 162.5 0.000284442421743
-127.5 167.5 0.000341330906091
-127.5 172.5 0.000312886663917
-127.5 177.5 0.000255998179569
-122.5 -177.5 0.000099554847610
-122.5 -172.5 0.000056888484349
-122.5 -82.5 0.000042666363261
-122.5 -77.5 0.000056888484349
-122.5 -72.5 0.000056888484349
-122.5 -67.5 0.000099554847610
-122.5 -62.5 0.000099554847610
-122.5 -57.5 0.000099554847610
-122.5 -52.5 0.000071110605436
-122.5 -47.5 0.000056888484349
-122.5 -42.5 0.000056888484349
-122.5 42.5 0.000056888484349
-122.5 47.5 0.000071110605436
-122.5 52.5 0.000099554847610
-122.5 57.5 0.000184887574133
-122.5 62.5 0.000213331816307
-122.5 67.5 0.000255998179569
-122.5 72.5 0.000255998179569
-122.5 77.5 0.000255998179569
-122.5 82.5 0.000227553937394
-122.5 87.5 0.000199109695220
-122.5 92.5 0.000170665453046
-122.5 97.5 0.000099554847610
-122.5 102.5 0.000056888484349
-122.5 107.5 0.000014222121087
-122.5 147.5 0.000056888484349
-122.5 152.5 0.000071110605436
-122.5 157.5 0.000099554847610
-122.5 162.5 0.000113776968697
-122.5 167.5 0.000184887574133
-122.5 172.5 0.000156443331959
-122.5 177.5 0.000099554847610
-117.5 -177.5 0.000014222121087
-117.5 -82.5 0.000056888484349
-117.5 -77.5 0.000056888484349
-117.5 -72.5 0.000099554847610
-117.5 -67.5 0.000099554847610
-117.5 -62.5 0.000099554847610
-117.5 -57.5 0.000099554847610
-117.5 -52.5 0.000099554847610
-117.5 -47.5 0.000056888484349
-117.5 -42.5 0.000056888484349
-117.5 37.5 0.000042666363261
-117.5 42.5 0.000056888484349
-117.5 47.5 0.000099554847610
-117.5 52.5 0.000113776968697
-117.5 57.5 0.000184887574133
-117.5 62.5 0.000213331816307
-117.5 67.5 0.000227553937394
-117.5 72.5 0.000227553937394
-117.5 77.5 0.000213331816307
-117.5 82.5 0.000199109695220
-117.5 87.5 0.000184887574133
-117.5 92.5 0.000099554847610
-117.5 97.5 0.000099554847610
-117.5 102.5 0.000056888484349
-117.5 152.5 0.000014222121087
-117.5 157.5 0.000056888484349
-117.5 162.5 0.000056888484349
-117.5 167.5 0.000056888484349
-117.5 172.5 0.000056888484349
-117.5 177.5 0.000056888484349
-112.5 -177.5 0.000028444242174
-112.5 -87.5 0.000042666363261
-112.5 -82.5 0.000056888484349
-112.5 -77.5 0.000099554847610
-112.5 -72.5 0.000099554847610
-112.5 -67.5 0.000099554847610
-112.5 -62.5 0.000099554847610
-112.5 -57.5 0.000099554847610
-112.5 -52.5 0.000099554847610
-112.5 -47.5 0.000056888484349
-112.5 -42.5 0.000056888484349
-112.5 27.5 0.000042666363261
-112.5 32.5 0.000056888484349
-112.5 37.5 0.000099554847610
-112.5 42.5 0.000099554847610
-112.5 47.5 0.000199109695220
-112.5 52.5 0.000255998179569
-112.5 57.5 0.000284442421743
-112.5 62.5 0.000284442421743
-112.5 67.5 0.000255998179569
-112.5 72.5 0.000227553937394
-112.5 77.5 0.000213331816307
-112.5 82.5 0.000184887574133
-112.5 87.5 0.000099554847610
-112.5 92.5 0.000099554847610
-112.5 97.5 0.000056888484349
-112.5 102.5 0.000056888484349
-112.5 157.5 0.000014222121087
-112.5 162.5 0.000056888484349
-112.5 167.5 0.000056888484349
-112.5 172.5 0.000056888484349
-112.5 177.5 0.000056888484349
-107.5 -177.5 0.000099554847610
-107.5 -172.5 0.000056888484349
-107.5 -167.5 0.000056888484349
-107.5 -92.5 0.000056888484349
-107.5 -87.5 0.000099554847610
-107.5 -82.5 0.000099554847610
-107.5 -77.5 0.000113776968697
-107.5 -72.5 0.000184887574133
-107.5 -67.5 0.000184887574133
-107.5 -62.5 0.000184887574133
-107.5 -57.5 0.000127999089784
-107.5 -52.5 0.000099554847610
-107.5 -47.5 0.000099554847610
-107.5 -42.5 0.000056888484349
-107.5 17.5 0.000028444242174
-107.5 22.5 0.000056888484349
-107.5 27.5 0.000099554847610
-107.5 32.5 0.000099554847610
-107.5 37.5 0.000184887574133
-107.5 42.5 0.000255998179569
-107.5 47.5 0.000440885753701
-107.5 52.5 0.000725328175444
-107.5 57.5 0.000796438780880
-107.5 62.5 0.000753772417618
-107.5 67.5 0.000625773327834
-107.5 72.5 0.000298664542830
-107.5 77.5 0.000241776058481
-107.5 82.5 0.000199109695220
-107.5 87.5 0.000099554847610
-107.5 92.5 0.000099554847610
-107.5 97.5 0.000056888484349
-107.5 102.5 0.000056888484349
-107.5 152.5 0.000028444242174
-107.5 157.5 0.000056888484349
-107.5 162.5 0.000099554847610
-107.5 167.5 0.000099554847610
-107.5 172.5 0.000099554847610
-107.5 177.5 0.000099554847610
-102.5 -177.5 0.000156443331959
-102.5 -172.5 0.000099554847610
-102.5 -167.5 0.000099554847610
-102.5 -162.5 0.000071110605436
-102.5 -157.5 0.000042666363261
-102.5 -102.5 0.000028444242174
-102.5 -97.5 0.000056888484349
-102.5 -92.5 0.000099554847610
-102.5 -87.5 0.000156443331959
-102.5 -82.5 0.000199109695220
-102.5 -77.5 0.000213331816307
-102.5 -72.5 0.000227553937394
-102.5 -67.5 0.000213331816307
-102.5 -62.5 0.000199109695220
-102.5 -57.5 0.000184887574133
-102.5 -52.5 0.000113776968697
-102.5 -47.5 0.000099554847610
-102.5 -42.5 0.000056888484349
-102.5 12.5 0.000056888484349
-102.5 17.5 0.000099554847610
-102.5 22.5 0.000099554847610
-102.5 27.5 0.000170665453046
-102.5 32.5 0.000213331816307
-102.5 37.5 0.000284442421743
-102.5 42.5 0.000696883933270
-102.5 47.5 0.001052436960448
-102.5 52.5 0.001535989077411
-102.5 57.5 0.001692432409370
-102.5 62.5 0.001535989077411
-102.5 67.5 0.001095103323710
-102.5 72.5 0.000725328175444
-102.5 77.5 0.000312886663917
-102.5 82.5 0.000227553937394
-102.5 87.5 0.000184887574133
-102.5 92.5 0.000099554847610
-102.5 97.5 0.000099554847610
-102.5 102.5 0.000056888484349
-102.5 107.5 0.000056888484349
-102.5 112.5 0.000042666363261
-102.5 117.5 0.000014222121087
-102.5 142.5 0.000014222121087
-102.5 147.5 0.000071110605436
-102.5 152.5 0.000099554847610
-102.5 157.5 0.000113776968697
-102.5 162.5 0.000184887574133
-102.5 167.5 0.000199109695220
-102.5 172.5 0.000199109695220
-102.5 177.5 0.000184887574133
-97.5 -177.5 0.000284442421743
-97.5 -172.5 0.000255998179569
-97.5 -167.5 0.000213331816307
-97.5 -162.5 0.000170665453046
-97.5 -157.5 0.000099554847610
-97.5 -152.5 0.000056888484349
-97.5 -147.5 0.000042666363261
-97.5 -107.5 0.000056888484349
-97.5 -102.5 0.000099554847610
-97.5 -97.5 0.000099554847610
-97.5 -92.5 0.000199109695220
-97.5 -87.5 0.000255998179569
-97.5 -82.5 0.000284442421743
-97.5 -77.5 0.000341330906091
-97.5 -72.5 0.000398219390440
-97.5 -67.5 0.000355553027178
-97.5 -62.5 0.000255998179569
-97.5 -57.5 0.000213331816307
-97.5 -52.5 0.000184887574133
-97.5 -47.5 0.000099554847610
-97.5 -42.5 0.000099554847610
-97.5 -37.5 0.000042666363261
-97.5 2.5 0.000028444242174
-97.5 7.5 0.000056888484349
-97.5 12.5 0.000099554847610
-97.5 17.5 0.000099554847610
-97.5 22.5 0.000184887574133
-97.5 27.5 0.000213331816307
-97.5 32.5 0.000284442421743
-97.5 37.5 0.000696883933270
-97.5 42.5 0.001265768776755
-97.5 47.5 0.002247095131768
-97.5 52.5 0.003171533002432
-97.5 57.5 0.003455975424175
-97.5 62.5 0.003171533002432
-97.5 67.5 0.002318205737204
-97.5 72.5 0.001365323624365
-97.5 77.5 0.000753772417618
-97.5 82.5 0.000327108785004
-97.5 87.5 0.000241776058481
-97.5 92.5 0.000184887574133
-97.5 97.5 0.000099554847610
-97.5 102.5 0.000099554847610
-97.5 107.5 0.000099554847610
-97.5 112.5 0.000099554847610
-97.5 117.5 0.000099554847610
-97.5 122.5 0.000085332726523
-97.5 127.5 0.000056888484349
-97.5 132.5 0.000099554847610
-97.5 137.5 0.000099554847610
-97.5 142.5 0.000184887574133
-97.5 147.5 0.000255998179569
-97.5 152.5 0.000255998179569
-97.5 157.5 0.000255998179569
-97.5 162.5 0.000255998179569
-97.5 167.5 0.000284442421743
-97.5 172.5 0.000284442421743
-97.5 177.5 0.000312886663917
-92.5 -177.5 0.000995548476100
-92.5 -172.5 0.000753772417618
-92.5 -167.5 0.000469329995876
-92.5 -162.5 0.000284442421743
-92.5 -157.5 0.000213331816307
-92.5 -152.5 0.000113776968697
-92.5 -147.5 0.000099554847610
-92.5 -142.5 0.000099554847610
-92.5 -137.5 0.000056888484349
-92.5 -112.5 0.000056888484349
-92.5 -107.5 0.000099554847610
-92.5 -102.5 0.000156443331959
-92.5 -97.5 0.000227553937394
-92.5 -92.5 0.000312886663917
-92.5 -87.5 0.000668439691096
-92.5 -82.5 0.000796438780880
-92.5 -77.5 0.001023992718274
-92.5 -72.5 0.001265768776755
-92.5 -67.5 0.001265768776755
-92.5 -62.5 0.000910215749577
-92.5 -57.5 0.000355553027178
-92.5 -52.5 0.000213331816307
-92.5 -47.5 0.000156443331959
-92.5 -42.5 0.000099554847610
-92.5 -37.5 0.000099554847610
-92.5 -32.5 0.000099554847610
-92.5 -27.5 0.000099554847610
-92.5 -22.5 0.000099554847610
-92.5 -17.5 0.000099554847610
-92.5 -12.5 0.000056888484349
-92.5 -7.5 0.000028444242174
-92.5 -2.5 0.000042666363261
-92.5 2.5 0.000056888484349
-92.5 7.5 0.000099554847610
-92.5 12.5 0.000099554847610
-92.5 17.5 0.000184887574133
-92.5 22.5 0.000213331816307
-92.5 27.5 0.000255998179569
-92.5 32.5 0.000583106964573
-92.5 37.5 0.001023992718274
-92.5 42.5 0.001948430588938
-92.5 47.5 0.003754639967005
-92.5 52.5 0.005375961770939
-92.5 57.5 0.006471065094648
-92.5 62.5 0.005802625403553
-92.5 67.5 0.004195525720706
-92.5 72.5 0.002759091490905
-92.5 77.5 0.001493322714150
-92.5 82.5 0.000796438780880
-92.5 87.5 0.000426663632614
-92.5 92.5 0.000255998179569
-92.5 97.5 0.000213331816307
-92.5 102.5 0.000199109695220
-92.5 107.5 0.000199109695220
-92.5 112.5 0.000199109695220
-92.5 117.5 0.000199109695220
-92.5 122.5 0.000184887574133
-92.5 127.5 0.000199109695220
-92.5 132.5 0.000227553937394
-92.5 137.5 0.000284442421743
-92.5 142.5 0.000469329995876
-92.5 147.5 0.000696883933270
-92.5 152.5 0.000767994538706
-92.5 157.5 0.000739550296531
-92.5 162.5 0.000796438780880
-92.5 167.5 0.000995548476100
-92.5 172.5 0.001166213929145
-92.5 177.5 0.001166213929145
-87.5 -177.5 0.003498641787436
-87.5 -172.5 0.002318205737204
-87.5 -167.5 0.001351101503278
-87.5 -162.5 0.000796438780880
-87.5 -157.5 0.000426663632614
-87.5 -152.5 0.000255998179569
-87.5 -147.5 0.000199109695220
-87.5 -142.5 0.000184887574133
-87.5 -137.5 0.000099554847610
-87.5 -132.5 0.000071110605436
-87.5 -127.5 0.000056888484349
-87.5 -122.5 0.000028444242174
-87.5 -117.5 0.000056888484349
-87.5 -112.5 0.000099554847610
-87.5 -107.5 0.000184887574133
-87.5 -102.5 0.000255998179569
-87.5 -97.5 0.000440885753701
-87.5 -92.5 0.000767994538706
-87.5 -87.5 0.001166213929145
-87.5 -82.5 0.001820431499154
-87.5 -77.5 0.003327976334391
-87.5 -72.5 0.004295080568316
-87.5 -67.5 0.004167081478532
-87.5 -62.5 0.003171533002432
-87.5 -57.5 0.001493322714150
-87.5 -52.5 0.000426663632614
-87.5 -47.5 0.000255998179569
-87.5 -42.5 0.000227553937394
-87.5 -37.5 0.000227553937394
-87.5 -32.5 0.000213331816307
-87.5 -27.5 0.000213331816307
-87.5 -22.5 0.000213331816307
-87.5 -17.5 0.000184887574133
-87.5 -12.5 0.000113776968697
-87.5 -7.5 0.000099554847610
-87.5 -2.5 0.000085332726523
-87.5 2.5 0.000099554847610
-87.5 7.5 0.000099554847610
-87.5 12.5 0.000156443331959
-87.5 17.5 0.000199109695220
-87.5 22.5 0.000255998179569
-87.5 27.5 0.000312886663917
-87.5 32.5 0.000725328175444
-87.5 37.5 0.001351101503278
-87.5 42.5 0.002901312701776
-87.5 47.5 0.005063075107021
-87.5 52.5 0.007992832050972
-87.5 57.5 0.009941262639910
-87.5 62.5 0.009543043249470
-87.5 67.5 0.007039949938134
-87.5 72.5 0.004266636326142
-87.5 77.5 0.002801757854166
-87.5 82.5 0.001592877561760
-87.5 87.5 0.000910215749577
-87.5 92.5 0.000639995448921
-87.5 97.5 0.000369775148266
-87.5 102.5 0.000284442421743
-87.5 107.5 0.000284442421743
-87.5 112.5 0.000284442421743
-87.5 117.5 0.000284442421743
-87.5 122.5 0.000284442421743
-87.5 127.5 0.000327108785004
-87.5 132.5 0.000597329085660
-87.5 137.5 0.000796438780880
-87.5 142.5 0.001166213929145
-87.5 147.5 0.001934208467851
-87.5 152.5 0.003214199365693
-87.5 157.5 0.003683529361569
-87.5 162.5 0.004337746931577
-87.5 167.5 0.005589293587246
-87.5 172.5 0.005631959950507
-87.5 177.5 0.004807076927453
-82.5 -177.5 0.016184773797164
-82.5 -172.5 0.007651501144881
-82.5 -167.5 0.003683529361569
-82.5 -162.5 0.001692432409370
-82.5 -157.5 0.000995548476100
-82.5 -152.5 0.000668439691096
-82.5 -147.5 0.000312886663917
-82.5 -142.5 0.000255998179569
-82.5 -137.5 0.000213331816307
-82.5 -132.5 0.000113776968697
-82.5 -127.5 0.000099554847610
-82.5 -122.5 0.000099554847610
-82.5 -117.5 0.000099554847610
-82.5 -112.5 0.000184887574133
-82.5 -107.5 0.000255998179569
-82.5 -102.5 0.000455107874788
-82.5 -97.5 0.000853327265228
-82.5 -92.5 0.001393767866540
-82.5 -87.5 0.002360872100465
-82.5 -82.5 0.004991964501586
-82.5 -77.5 0.011064810205794
-82.5 -72.5 0.016298550765861
-82.5 -67.5 0.016696770156301
-82.5 -62.5 0.011363474748624
-82.5 -57.5 0.004750188443104
-82.5 -52.5 0.001806209378067
-82.5 -47.5 0.000952882112838
-82.5 -42.5 0.000753772417618
-82.5 -37.5 0.000767994538706
-82.5 -32.5 0.000682661812183
-82.5 -27.5 0.000440885753701
-82.5 -22.5 0.000312886663917
-82.5 -17.5 0.000255998179569
-82.5 -12.5 0.000227553937394
-82.5 -7.5 0.000184887574133
-82.5 -2.5 0.000099554847610
-82.5 2.5 0.000099554847610
-82.5 7.5 0.000099554847610
-82.5 12.5 0.000184887574133
-82.5 17.5 0.000213331816307
-82.5 22.5 0.000255998179569
-82.5 27.5 0.000369775148266
-82.5 32.5 0.000753772417618
-82.5 37.5 0.001422212108714
-82.5 42.5 0.003000867549386
-82.5 47.5 0.005390183892026
-82.5 52.5 0.008860381437288
-82.5 57.5 0.011022143842533
-82.5 62.5 0.010993699600358
-82.5 67.5 0.008831937195113
-82.5 72.5 0.005902180251163
-82.5 77.5 0.003953749662225
-82.5 82.5 0.002801757854166
-82.5 87.5 0.001678210288282
-82.5 92.5 0.001066659081535
-82.5 97.5 0.000796438780880
-82.5 102.5 0.000711106054357
-82.5 107.5 0.000711106054357
-82.5 112.5 0.000739550296531
-82.5 117.5 0.000725328175444
-82.5 122.5 0.000725328175444
-82.5 127.5 0.000767994538706
-82.5 132.5 0.001151991808058
-82.5 137.5 0.001820431499154
-82.5 142.5 0.003199977244606
-82.5 147.5 0.007523502055096
-82.5 152.5 0.016270106523687
-82.5 157.5 0.024604269480750
-82.5 162.5 0.032867321832378
-82.5 167.5 0.041045041457483
-82.5 172.5 0.037005959068736
-82.5 177.5 0.025429152503804
-77.5 -177.5 0.049165872598239
-77.5 -172.5 0.022214953138111
-77.5 -167.5 0.009813263550126
-77.5 -162.5 0.003583974513959
-77.5 -157.5 0.001848875741328
-77.5 -152.5 0.001109325444797
-77.5 -147.5 0.000725328175444
-77.5 -142.5 0.000455107874788
-77.5 -137.5 0.000284442421743
-77.5 -132.5 0.000227553937394
-77.5 -127.5 0.000184887574133
-77.5 -122.5 0.000099554847610
-77.5 -117.5 0.000113776968697
-77.5 -112.5 0.000227553937394
-77.5 -107.5 0.000426663632614
-77.5 -102.5 0.000824883023054
-77.5 -97.5 0.001393767866540
-77.5 -92.5 0.002346649979378
-77.5 -87.5 0.004821299048540
-77.5 -82.5 0.015061226231280
-77.5 -77.5 0.026566922190776
-77.5 -72.5 0.040632599945956
-77.5 -67.5 0.046221893533202
-77.5 -62.5 0.037233513006130
-77.5 -57.5 0.020607853455264
-77.5 -52.5 0.009699486581429
-77.5 -47.5 0.004721744200930
-77.5 -42.5 0.003214199365693
-77.5 -37.5 0.002346649979378
-77.5 -32.5 0.001649766046108
-77.5 -27.5 0.001023992718274
-77.5 -22.5 0.000696883933270
-77.5 -17.5 0.000469329995876
-77.5 -12.5 0.000298664542830
-77.5 -7.5 0.000241776058481
-77.5 -2.5 0.000184887574133
-77.5 2.5 0.000099554847610
-77.5 7.5 0.000113776968697
-77.5 12.5 0.000184887574133
-77.5 17.5 0.000213331816307
-77.5 22.5 0.000255998179569
-77.5 27.5 0.000312886663917
-77.5 32.5 0.000696883933270
-77.5 37.5 0.001166213929145
-77.5 42.5 0.002403538463726
-77.5 47.5 0.004323524810490
-77.5 52.5 0.007352836602051
-77.5 57.5 0.009784819307952
-77.5 62.5 0.010225705061653
-77.5 67.5 0.008590161136632
-77.5 72.5 0.006584842063345
-77.5 77.5 0.005063075107021
-77.5 82.5 0.004067526630922
-77.5 87.5 0.003171533002432
-77.5 92.5 0.002275539373942
-77.5 97.5 0.001663988167195
-77.5 102.5 0.001407989987627
-77.5 107.5 0.001393767866540
-77.5 112.5 0.001407989987627
-77.5 117.5 0.001393767866540
-77.5 122.5 0.001351101503278
-77.5 127.5 0.001649766046108
-77.5 132.5 0.002673758764382
-77.5 137.5 0.004081748752009
-77.5 142.5 0.008917269921636
-77.5 147.5 0.020664741939613
-77.5 152.5 0.045482343236670
-77.5 157.5 0.110477436604895
-77.5 162.5 0.205239429408502
-77.5 167.5 0.233626783098431
-77.5 172.5 0.189794205907869
-77.5 177.5 0.110150327819891
-72.5 -177.5 0.146288737502311
-72.5 -172.5 0.044913458393185
-72.5 -167.5 0.017720762874575
-72.5 -162.5 0.006741285395304
-72.5 -157.5 0.003470197545262
-72.5 -152.5 0.001891542104589
-72.5 -147.5 0.001123547565884
-72.5 -142.5 0.000753772417618
-72.5 -137.5 0.000540440601311
-72.5 -132.5 0.000284442421743
-72.5 -127.5 0.000227553937394
-72.5 -122.5 0.000184887574133
-72.5 -117.5 0.000199109695220
-72.5 -112.5 0.000284442421743
-72.5 -107.5 0.000725328175444
-72.5 -102.5 0.001251546655668
-72.5 -97.5 0.001891542104589
-72.5 -92.5 0.003669307240482
-72.5 -87.5 0.010595480209919
-72.5 -82.5 0.025670928562286
-72.5 -77.5 0.055181829818099
-72.5 -72.5 0.099355737914753
-72.5 -67.5 0.139063899990045
-72.5 -62.5 0.122694238618748
-72.5 -57.5 0.072490151181147
-72.5 -52.5 0.038869056931151
-72.5 -47.5 0.020536742849829
-72.5 -42.5 0.013183906247778
-72.5 -37.5 0.007054172059221
-72.5 -32.5 0.003640862998308
-72.5 -27.5 0.001820431499154
-72.5 -22.5 0.001023992718274
-72.5 -17.5 0.000725328175444
-72.5 -12.5 0.000455107874788
-72.5 -7.5 0.000270220300656
-72.5 -2.5 0.000213331816307
-72.5 2.5 0.000142221210871
-72.5 7.5 0.000113776968697
-72.5 12.5 0.000184887574133
-72.5 17.5 0.000199109695220
-72.5 22.5 0.000227553937394
-72.5 27.5 0.000255998179569
-72.5 32.5 0.000455107874788
-72.5 37.5 0.000796438780880
-72.5 42.5 0.001493322714150
-72.5 47.5 0.002887090580689
-72.5 52.5 0.004266636326142
-72.5 57.5 0.005959068735511
-72.5 62.5 0.006812396000740
-72.5 67.5 0.006627508426607
-72.5 72.5 0.006243511157254
-72.5 77.5 0.006499509336822
-72.5 82.5 0.006968839332698
-72.5 87.5 0.006783951758565
-72.5 92.5 0.005518182981810
-72.5 97.5 0.004209747841793
-72.5 102.5 0.003555530271785
-72.5 107.5 0.003342198455478
-72.5 112.5 0.003171533002432
-72.5 117.5 0.002943979065038
-72.5 122.5 0.002801757854166
-72.5 127.5 0.003327976334391
-72.5 132.5 0.004977742380499
-72.5 137.5 0.008959936284898
-72.5 142.5 0.017592763784791
-72.5 147.5 0.038499281782885
-72.5 152.5 0.115910286860182
-72.5 157.5 0.346322870592920
-72.5 162.5 0.590303357842789
-72.5 167.5 0.672692105300585
-72.5 172.5 0.584529176681410
-72.5 177.5 0.374468448224368
-67.5 -177.5 0.297114331631420
-67.5 -172.5 0.085730945913274
-67.5 -167.5 0.027334916729481
-67.5 -162.5 0.012871019583861
-67.5 -157.5 0.005518182981810
-67.5 -152.5 0.002972423307212
-67.5 -147.5 0.001592877561760
-67.5 -142.5 0.000995548476100
-67.5 -137.5 0.000725328175444
-67.5 -132.5 0.000440885753701
-67.5 -127.5 0.000255998179569
-67.5 -122.5 0.000213331816307
-67.5 -117.5 0.000255998179569
-67.5 -112.5 0.000426663632614
-67.5 -107.5 0.000952882112838
-67.5 -102.5 0.001649766046108
-67.5 -97.5 0.002759091490905
-67.5 -92.5 0.005048852985934
-67.5 -87.5 0.014549229872143
-67.5 -82.5 0.034175756972395
-67.5 -77.5 0.077083896292293
-67.5 -72.5 0.163525948259923
-67.5 -67.5 0.258145719852659
-67.5 -62.5 0.296389003455975
-67.5 -57.5 0.236684539132166
-67.5 -52.5 0.120489809850241
-67.5 -47.5 0.054129392857651
-67.5 -42.5 0.026709143401647
-67.5 -37.5 0.015359890774110
-67.5 -32.5 0.006627508426607
-67.5 -27.5 0.002972423307212
-67.5 -22.5 0.001393767866540
-67.5 -17.5 0.000824883023054
-67.5 -12.5 0.000639995448921
-67.5 -7.5 0.000298664542830
-67.5 -2.5 0.000213331816307
-67.5 2.5 0.000156443331959
-67.5 7.5 0.000099554847610
-67.5 12.5 0.000113776968697
-67.5 17.5 0.000184887574133
-67.5 22.5 0.000199109695220
-67.5 27.5 0.000227553937394
-67.5 32.5 0.000255998179569
-67.5 37.5 0.000398219390440
-67.5 42.5 0.000739550296531
-67.5 47.5 0.001237324534581
-67.5 52.5 0.001934208467851
-67.5 57.5 0.003015089670473
-67.5 62.5 0.003754639967005
-67.5 67.5 0.004323524810490
-67.5 72.5 0.005518182981810
-67.5 77.5 0.008618605378806
-67.5 82.5 0.013027462915819
-67.5 87.5 0.016298550765861
-67.5 92.5 0.016554548945430
-67.5 97.5 0.014705673204102
-67.5 102.5 0.011804360502325
-67.5 107.5 0.009585709612732
-67.5 112.5 0.007167949027918
-67.5 117.5 0.005262184802241
-67.5 122.5 0.004792854806366
-67.5 127.5 0.005617737829420
-67.5 132.5 0.009528821128383
-67.5 137.5 0.015900331375421
-67.5 142.5 0.025173154324236
-67.5 147.5 0.055224496181360
-67.5 152.5 0.172628105755692
-67.5 157.5 0.506663063729325
-67.5 162.5 0.823716809124913
-67.5 167.5 1.000000000000000
-67.5 172.5 0.928405842447343
-67.5 177.5 0.614793850354842
-62.5 -177.5 0.397849615291625
-62.5 -172.5 0.139988337860709
-62.5 -167.5 0.042822806593375
-62.5 -162.5 0.018147426507189
-62.5 -157.5 0.007850610840101
-62.5 -152.5 0.003384864818739
-62.5 -147.5 0.001777765135892
-62.5 -142.5 0.001066659081535
-62.5 -137.5 0.000796438780880
-62.5 -132.5 0.000554662722398
-62.5 -127.5 0.000284442421743
-62.5 -122.5 0.000255998179569
-62.5 -117.5 0.000255998179569
-62.5 -112.5 0.000554662722398
-62.5 -107.5 0.001023992718274
-62.5 -102.5 0.001777765135892
-62.5 -97.5 0.003000867549386
-62.5 -92.5 0.005717292677030
-62.5 -87.5 0.014634562598666
-62.5 -82.5 0.030037119736037
-62.5 -77.5 0.069873280901114
-62.5 -72.5 0.163397949170139
-62.5 -67.5 0.301665410379304
-62.5 -62.5 0.466058908025543
-62.5 -57.5 0.426293857465902
-62.5 -52.5 0.250081777196251
-62.5 -47.5 0.120262255912847
-62.5 -42.5 0.047487662309957
-62.5 -37.5 0.020380299517870
-62.5 -32.5 0.009087935374682
-62.5 -27.5 0.003441753303088
-62.5 -22.5 0.001621321803934
-62.5 -17.5 0.000910215749577
-62.5 -12.5 0.000668439691096
-62.5 -7.5 0.000284442421743
-62.5 -2.5 0.000213331816307
-62.5 2.5 0.000113776968697
-62.5 7.5 0.000099554847610
-62.5 12.5 0.000099554847610
-62.5 17.5 0.000099554847610
-62.5 22.5 0.000113776968697
-62.5 27.5 0.000184887574133
-62.5 32.5 0.000199109695220
-62.5 37.5 0.000227553937394
-62.5 42.5 0.000255998179569
-62.5 47.5 0.000383997269353
-62.5 52.5 0.000753772417618
-62.5 57.5 0.001166213929145
-62.5 62.5 0.001806209378067
-62.5 67.5 0.002901312701776
-62.5 72.5 0.004807076927453
-62.5 77.5 0.010979477479271
-62.5 82.5 0.018431868928932
-62.5 87.5 0.024874489781406
-62.5 92.5 0.029155348228635
-62.5 97.5 0.027121584913174
-62.5 102.5 0.022470951317680
-62.5 107.5 0.017720762874575
-62.5 112.5 0.013027462915819
-62.5 117.5 0.008718160226416
-62.5 122.5 0.007096838422482
-62.5 127.5 0.008092386898582
-62.5 132.5 0.012686132009728
-62.5 137.5 0.019797192553297
-62.5 142.5 0.033123320011947
-62.5 147.5 0.063558659138424
-62.5 152.5 0.169997013354572
-62.5 157.5 0.443886621250693
-62.5 162.5 0.683941803080511
-62.5 167.5 0.910485969877547
-62.5 172.5 0.925262753687085
-62.5 177.5 0.680855602804602
-57.5 -177.5 0.379787521510958
-57.5 -172.5 0.141638103906817
-57.5 -167.5 0.049094761992804
-57.5 -162.5 0.020195411943737
-57.5 -157.5 0.008078164777495
-57.5 -152.5 0.003242643607868
-57.5 -147.5 0.001777765135892
-57.5 -142.5 0.001066659081535
-57.5 -137.5 0.000796438780880
-57.5 -132.5 0.000583106964573
-57.5 -127.5 0.000284442421743
-57.5 -122.5 0.000255998179569
-57.5 -117.5 0.000255998179569
-57.5 -112.5 0.000597329085660
-57.5 -107.5 0.001023992718274
-57.5 -102.5 0.001720876651544
-57.5 -97.5 0.002901312701776
-57.5 -92.5 0.005091519349196
-57.5 -87.5 0.012245246256027
-57.5 -82.5 0.023466499793779
-57.5 -77.5 0.050488529859343
-57.5 -72.5 0.127259539487719
-57.5 -67.5 0.270632742167167
-57.5 -62.5 0.480679248503122
-57.5 -57.5 0.514954560323127
-57.5 -52.5 0.354386813249328
-57.5 -47.5 0.159429977386827
-57.5 -42.5 0.053190732865900
-57.5 -37.5 0.019953635885256
-57.5 -32.5 0.008319940835976
-57.5 -27.5 0.003171533002432
-57.5 -22.5 0.001493322714150
-57.5 -17.5 0.000796438780880
-57.5 -12.5 0.000497774238050
-57.5 -7.5 0.000255998179569
-57.5 -2.5 0.000199109695220
-57.5 2.5 0.000099554847610
-57.5 7.5 0.000099554847610
-57.5 12.5 0.000071110605436
-57.5 17.5 0.000099554847610
-57.5 22.5 0.000099554847610
-57.5 27.5 0.000099554847610
-57.5 32.5 0.000099554847610
-57.5 37.5 0.000099554847610
-57.5 42.5 0.000113776968697
-57.5 47.5 0.000184887574133
-57.5 52.5 0.000255998179569
-57.5 57.5 0.000398219390440
-57.5 62.5 0.000810660901967
-57.5 67.5 0.001649766046108
-57.5 72.5 0.003669307240482
-57.5 77.5 0.010766145662964
-57.5 82.5 0.020579409213090
-57.5 87.5 0.030947335485614
-57.5 92.5 0.039238832079416
-57.5 97.5 0.038157950876794
-57.5 102.5 0.029596233982336
-57.5 107.5 0.021603401931364
-57.5 112.5 0.015715443801289
-57.5 117.5 0.010254149303827
-57.5 122.5 0.007566168418358
-57.5 127.5 0.008248830230541
-57.5 132.5 0.012643465646467
-57.5 137.5 0.019640749221339
-57.5 142.5 0.032298436988893
-57.5 147.5 0.058268030094008
-57.5 152.5 0.133247052465405
-57.5 157.5 0.293089471363759
-57.5 162.5 0.529489568074183
-57.5 167.5 0.662523288723280
-57.5 172.5 0.718672222775305
-57.5 177.5 0.618633823048369
-52.5 -177.5 0.245288922389885
-52.5 -172.5 0.099483737004537
-52.5 -167.5 0.039096610868545
-52.5 -162.5 0.017279877120874
-52.5 -157.5 0.005774181161378
-52.5 -152.5 0.002673758764382
-52.5 -147.5 0.001493322714150
-52.5 -142.5 0.000995548476100
-52.5 -137.5 0.000725328175444
-52.5 -132.5 0.000440885753701
-52.5 -127.5 0.000255998179569
-52.5 -122.5 0.000227553937394
-52.5 -117.5 0.000255998179569
-52.5 -112.5 0.000469329995876
-52.5 -107.5 0.000881771507403
-52.5 -102.5 0.001464878471975
-52.5 -97.5 0.002346649979378
-52.5 -92.5 0.003854194814615
-52.5 -87.5 0.008362607199238
-52.5 -82.5 0.018090538022841
-52.5 -77.5 0.034488643636312
-52.5 -72.5 0.081336310497348
-52.5 -67.5 0.201897230953024
-52.5 -62.5 0.366959168290359
-52.5 -57.5 0.459360288993501
-52.5 -52.5 0.293857465902465
-52.5 -47.5 0.114189410208639
-52.5 -42.5 0.034687753331532
-52.5 -37.5 0.013738568970176
-52.5 -32.5 0.005020408743760
-52.5 -27.5 0.002104873920897
-52.5 -22.5 0.001052436960448
-52.5 -17.5 0.000682661812183
-52.5 -12.5 0.000312886663917
-52.5 -7.5 0.000227553937394
-52.5 -2.5 0.000113776968697
-52.5 2.5 0.000099554847610
-52.5 7.5 0.000056888484349
-52.5 12.5 0.000042666363261
-52.5 17.5 0.000042666363261
-52.5 22.5 0.000056888484349
-52.5 27.5 0.000056888484349
-52.5 32.5 0.000056888484349
-52.5 37.5 0.000056888484349
-52.5 42.5 0.000056888484349
-52.5 47.5 0.000099554847610
-52.5 52.5 0.000113776968697
-52.5 57.5 0.000213331816307
-52.5 62.5 0.000312886663917
-52.5 67.5 0.000839105144141
-52.5 72.5 0.001962652710025
-52.5 77.5 0.006613286305520
-52.5 82.5 0.017379431968484
-52.5 87.5 0.026808698249257
-52.5 92.5 0.034687753331532
-52.5 97.5 0.034261089698918
-52.5 102.5 0.027036252186651
-52.5 107.5 0.019896747400907
-52.5 112.5 0.013326127458649
-52.5 117.5 0.007665723265968
-52.5 122.5 0.005589293587246
-52.5 127.5 0.005973290856598
-52.5 132.5 0.009073713253595
-52.5 137.5 0.014833672293886
-52.5 142.5 0.022001621321804
-52.5 147.5 0.037119736037433
-52.5 152.5 0.067768406980217
-52.5 157.5 0.133545717008235
-52.5 162.5 0.250821327492782
-52.5 167.5 0.407378436420008
-52.5 172.5 0.506364399186495
-52.5 177.5 0.418073471477536
-47.5 -177.5 0.099327293672578
-47.5 -172.5 0.049578314109766
-47.5 -167.5 0.022712727376161
-47.5 -162.5 0.010183038698391
-47.5 -157.5 0.003370642697652
-47.5 -152.5 0.001678210288282
-47.5 -147.5 0.001052436960448
-47.5 -142.5 0.000753772417618
-47.5 -137.5 0.000526218480224
-47.5 -132.5 0.000284442421743
-47.5 -127.5 0.000227553937394
-47.5 -122.5 0.000213331816307
-47.5 -117.5 0.000255998179569
-47.5 -112.5 0.000341330906091
-47.5 -107.5 0.000711106054357
-47.5 -102.5 0.001052436960448
-47.5 -97.5 0.001649766046108
-47.5 -92.5 0.002673758764382
-47.5 -87.5 0.004479968142449
-47.5 -82.5 0.010979477479271
-47.5 -77.5 0.020223856185912
-47.5 -72.5 0.042552586292720
-47.5 -67.5 0.106865017848762
-47.5 -62.5 0.208226074836801
-47.5 -57.5 0.243240936953337
-47.5 -52.5 0.146672734771664
-47.5 -47.5 0.050061866226729
-47.5 -42.5 0.017009656820218
-47.5 -37.5 0.005290629044416
-47.5 -32.5 0.002389316342639
-47.5 -27.5 0.001166213929145
-47.5 -22.5 0.000696883933270
-47.5 -17.5 0.000312886663917
-47.5 -12.5 0.000227553937394
-47.5 -7.5 0.000184887574133
-47.5 -2.5 0.000099554847610
-47.5 2.5 0.000056888484349
-47.5 47.5 0.000042666363261
-47.5 52.5 0.000056888484349
-47.5 57.5 0.000099554847610
-47.5 62.5 0.000199109695220
-47.5 67.5 0.000327108785004
-47.5 72.5 0.000995548476100
-47.5 77.5 0.002887090580689
-47.5 82.5 0.008519050531196
-47.5 87.5 0.017180322273264
-47.5 92.5 0.021148294056576
-47.5 97.5 0.021318959509621
-47.5 102.5 0.017919872569795
-47.5 107.5 0.012572355041031
-47.5 112.5 0.006627508426607
-47.5 117.5 0.003925305420050
-47.5 122.5 0.003199977244606
-47.5 127.5 0.003413309060913
-47.5 132.5 0.004295080568316
-47.5 137.5 0.006286177520515
-47.5 142.5 0.010367926272524
-47.5 147.5 0.016454994097820
-47.5 152.5 0.025471818867066
-47.5 157.5 0.044344573549699
-47.5 162.5 0.083725626839987
-47.5 167.5 0.144354529034460
-47.5 172.5 0.189552429849388
-47.5 177.5 0.160297526773143
-42.5 -177.5 0.037333067853740
-42.5 -172.5 0.020949184361356
-42.5 -167.5 0.009727930823603
-42.5 -162.5 0.003626640877220
-42.5 -157.5 0.001678210288282
-42.5 -152.5 0.001023992718274
-42.5 -147.5 0.000725328175444
-42.5 -142.5 0.000440885753701
-42.5 -137.5 0.000284442421743
-42.5 -132.5 0.000213331816307
-42.5 -127.5 0.000184887574133
-42.5 -122.5 0.000184887574133
-42.5 -117.5 0.000199109695220
-42.5 -112.5 0.000255998179569
-42.5 -107.5 0.000440885753701
-42.5 -102.5 0.000725328175444
-42.5 -97.5 0.001038214839361
-42.5 -92.5 0.001493322714150
-42.5 -87.5 0.002545759674598
-42.5 -82.5 0.004622189353320
-42.5 -77.5 0.010595480209919
-42.5 -72.5 0.021219404662011
-42.5 -67.5 0.048042325032355
-42.5 -62.5 0.078634107490791
-42.5 -57.5 0.078008334162957
-42.5 -52.5 0.045496565357757
-42.5 -47.5 0.018744755592849
-42.5 -42.5 0.004351969052665
-42.5 -37.5 0.001678210288282
-42.5 -32.5 0.000824883023054
-42.5 -27.5 0.000455107874788
-42.5 -22.5 0.000255998179569
-42.5 -17.5 0.000213331816307
-42.5 -12.5 0.000113776968697
-42.5 -7.5 0.000099554847610
-42.5 -2.5 0.000056888484349
-42.5 57.5 0.000056888484349
-42.5 62.5 0.000099554847610
-42.5 67.5 0.000184887574133
-42.5 72.5 0.000327108785004
-42.5 77.5 0.000995548476100
-42.5 82.5 0.002460426948075
-42.5 87.5 0.005262184802241
-42.5 92.5 0.008590161136632
-42.5 97.5 0.009016824769246
-42.5 102.5 0.006627508426607
-42.5 107.5 0.003868416935702
-42.5 112.5 0.002289761495029
-42.5 117.5 0.001493322714150
-42.5 122.5 0.001294213018930
-42.5 127.5 0.001493322714150
-42.5 132.5 0.001777765135892
-42.5 137.5 0.002375094221552
-42.5 142.5 0.003171533002432
-42.5 147.5 0.004039082388747
-42.5 152.5 0.006471065094648
-42.5 157.5 0.015487889863894
-42.5 162.5 0.025557151593589
-42.5 167.5 0.041670814785317
-42.5 172.5 0.056220044657460
-42.5 177.5 0.054627167095701
-37.5 -177.5 0.015132336836716
-37.5 -172.5 0.006186622672905
-37.5 -167.5 0.003000867549386
-37.5 -162.5 0.001493322714150
-37.5 -157.5 0.000796438780880
-37.5 -152.5 0.000469329995876
-37.5 -147.5 0.000284442421743
-37.5 -142.5 0.000227553937394
-37.5 -137.5 0.000199109695220
-37.5 -132.5 0.000113776968697
-37.5 -127.5 0.000099554847610
-37.5 -122.5 0.000099554847610
-37.5 -117.5 0.000113776968697
-37.5 -112.5 0.000213331816307
-37.5 -107.5 0.000255998179569
-37.5 -102.5 0.000355553027178
-37.5 -97.5 0.000668439691096
-37.5 -92.5 0.000796438780880
-37.5 -87.5 0.001166213929145
-37.5 -82.5 0.002360872100465
-37.5 -77.5 0.004536856626797
-37.5 -72.5 0.010723479299703
-37.5 -67.5 0.019711859826775
-37.5 -62.5 0.026780254007083
-37.5 -57.5 0.024433604027705
-37.5 -52.5 0.015715443801289
-37.5 -47.5 0.004223969962880
-37.5 -42.5 0.001023992718274
-37.5 -37.5 0.000440885753701
-37.5 -32.5 0.000255998179569
-37.5 -27.5 0.000184887574133
-37.5 -22.5 0.000099554847610
-37.5 -17.5 0.000099554847610
-37.5 -12.5 0.000071110605436
-37.5 -7.5 0.000056888484349
-37.5 67.5 0.000056888484349
-37.5 72.5 0.000184887574133
-37.5 77.5 0.000284442421743
-37.5 82.5 0.000753772417618
-37.5 87.5 0.001407989987627
-37.5 92.5 0.002175984526332
-37.5 97.5 0.002403538463726
-37.5 102.5 0.001820431499154
-37.5 107.5 0.001166213929145
-37.5 112.5 0.000753772417618
-37.5 117.5 0.000611551206747
-37.5 122.5 0.000483552116963
-37.5 127.5 0.000469329995876
-37.5 132.5 0.000625773327834
-37.5 137.5 0.000753772417618
-37.5 142.5 0.001038214839361
-37.5 147.5 0.001393767866540
-37.5 152.5 0.001649766046108
-37.5 157.5 0.002929756943951
-37.5 162.5 0.007253281754441
-37.5 167.5 0.014207898966052
-37.5 172.5 0.019541194373729
-37.5 177.5 0.020095857096127
-32.5 -177.5 0.004067526630922
-32.5 -172.5 0.002289761495029
-32.5 -167.5 0.001294213018930
-32.5 -162.5 0.000753772417618
-32.5 -157.5 0.000284442421743
-32.5 -152.5 0.000213331816307
-32.5 -147.5 0.000184887574133
-32.5 -142.5 0.000099554847610
-32.5 -137.5 0.000099554847610
-32.5 -132.5 0.000056888484349
-32.5 -127.5 0.000056888484349
-32.5 -122.5 0.000056888484349
-32.5 -117.5 0.000099554847610
-32.5 -112.5 0.000099554847610
-32.5 -107.5 0.000184887574133
-32.5 -102.5 0.000227553937394
-32.5 -97.5 0.000255998179569
-32.5 -92.5 0.000327108785004
-32.5 -87.5 0.000639995448921
-32.5 -82.5 0.001038214839361
-32.5 -77.5 0.001891542104589
-32.5 -72.5 0.003626640877220
-32.5 -67.5 0.006243511157254
-32.5 -62.5 0.008732382347503
-32.5 -57.5 0.007466613570748
-32.5 -52.5 0.003740417845918
-32.5 -47.5 0.001180436050233
-32.5 -42.5 0.000270220300656
-32.5 -37.5 0.000170665453046
-32.5 -32.5 0.000099554847610
-32.5 -27.5 0.000056888484349
-32.5 -22.5 0.000056888484349
-32.5 -17.5 0.000028444242174
-32.5 72.5 0.000028444242174
-32.5 77.5 0.000099554847610
-32.5 82.5 0.000227553937394
-32.5 87.5 0.000383997269353
-32.5 92.5 0.000696883933270
-32.5 97.5 0.000725328175444
-32.5 102.5 0.000625773327834
-32.5 107.5 0.000312886663917
-32.5 112.5 0.000255998179569
-32.5 117.5 0.000255998179569
-32.5 122.5 0.000227553937394
-32.5 127.5 0.000199109695220
-32.5 132.5 0.000184887574133
-32.5 137.5 0.000213331816307
-32.5 142.5 0.000255998179569
-32.5 147.5 0.000341330906091
-32.5 152.5 0.000625773327834
-32.5 157.5 0.000938659991751
-32.5 162.5 0.001962652710025
-32.5 167.5 0.004223969962880
-32.5 172.5 0.006499509336822
-32.5 177.5 0.006513731457910
-27.5 -177.5 0.001493322714150
-27.5 -172.5 0.001052436960448
-27.5 -167.5 0.000725328175444
-27.5 -162.5 0.000284442421743
-27.5 -157.5 0.000199109695220
-27.5 -152.5 0.000099554847610
-27.5 -147.5 0.000099554847610
-27.5 -142.5 0.000056888484349
-27.5 -122.5 0.000014222121087
-27.5 -117.5 0.000056888484349
-27.5 -112.5 0.000099554847610
-27.5 -107.5 0.000099554847610
-27.5 -102.5 0.000113776968697
-27.5 -97.5 0.000184887574133
-27.5 -92.5 0.000213331816307
-27.5 -87.5 0.000255998179569
-27.5 -82.5 0.000383997269353
-27.5 -77.5 0.000767994538706
-27.5 -72.5 0.001251546655668
-27.5 -67.5 0.001777765135892
-27.5 -62.5 0.001948430588938
-27.5 -57.5 0.001692432409370
-27.5 -52.5 0.000995548476100
-27.5 -47.5 0.000298664542830
-27.5 -42.5 0.000113776968697
-27.5 -37.5 0.000056888484349
-27.5 -32.5 0.000028444242174
-27.5 82.5 0.000056888484349
-27.5 87.5 0.000099554847610
-27.5 92.5 0.000184887574133
-27.5 97.5 0.000213331816307
-27.5 102.5 0.000199109695220
-27.5 107.5 0.000199109695220
-27.5 112.5 0.000184887574133
-27.5 117.5 0.000113776968697
-27.5 122.5 0.000099554847610
-27.5 127.5 0.000056888484349
-27.5 132.5 0.000014222121087
-27.5 137.5 0.000056888484349
-27.5 142.5 0.000099554847610
-27.5 147.5 0.000199109695220
-27.5 152.5 0.000255998179569
-27.5 157.5 0.000469329995876
-27.5 162.5 0.000952882112838
-27.5 167.5 0.001592877561760
-27.5 172.5 0.001891542104589
-27.5 177.5 0.001848875741328
-22.5 -177.5 0.000739550296531
-22.5 -172.5 0.000625773327834
-22.5 -167.5 0.000298664542830
-22.5 -162.5 0.000213331816307
-22.5 -157.5 0.000099554847610
-22.5 -152.5 0.000056888484349
-22.5 -112.5 0.000042666363261
-22.5 -107.5 0.000056888484349
-22.5 -102.5 0.000071110605436
-22.5 -97.5 0.000099554847610
-22.5 -92.5 0.000099554847610
-22.5 -87.5 0.000099554847610
-22.5 -82.5 0.000184887574133
-22.5 -77.5 0.000255998179569
-22.5 -72.5 0.000284442421743
-22.5 -67.5 0.000369775148266
-22.5 -62.5 0.000426663632614
-22.5 -57.5 0.000312886663917
-22.5 -52.5 0.000213331816307
-22.5 -47.5 0.000099554847610
-22.5 -42.5 0.000056888484349
-22.5 92.5 0.000056888484349
-22.5 97.5 0.000056888484349
-22.5 102.5 0.000099554847610
-22.5 107.5 0.000071110605436
-22.5 112.5 0.000056888484349
-22.5 117.5 0.000042666363261
-22.5 142.5 0.000056888484349
-22.5 147.5 0.000099554847610
-22.5 152.5 0.000213331816307
-22.5 157.5 0.000255998179569
-22.5 162.5 0.000455107874788
-22.5 167.5 0.000725328175444
-22.5 172.5 0.000824883023054
-22.5 177.5 0.000810660901967
-17.5 -177.5 0.000312886663917
-17.5 -172.5 0.000255998179569
-17.5 -167.5 0.000199109695220
-17.5 -162.5 0.000099554847610
-17.5 -157.5 0.000071110605436
-17.5 -152.5 0.000014222121087
-17.5 -97.5 0.000014222121087
-17.5 -92.5 0.000014222121087
-17.5 -87.5 0.000042666363261
-17.5 -82.5 0.000056888484349
-17.5 -77.5 0.000099554847610
-17.5 -72.5 0.000099554847610
-17.5 -67.5 0.000099554847610
-17.5 -62.5 0.000099554847610
-17.5 -57.5 0.000056888484349
-17.5 -52.5 0.000042666363261
-17.5 147.5 0.000099554847610
-17.5 152.5 0.000170665453046
-17.5 157.5 0.000213331816307
-17.5 162.5 0.000255998179569
-17.5 167.5 0.000284442421743
-17.5 172.5 0.000327108785004
-17.5 177.5 0.000355553027178
-12.5 -177.5 0.000199109695220
-12.5 -172.5 0.000184887574133
-12.5 -167.5 0.000099554847610
-12.5 -162.5 0.000071110605436
-12.5 -157.5 0.000028444242174
-12.5 152.5 0.000099554847610
-12.5 157.5 0.000099554847610
-12.5 162.5 0.000184887574133
-12.5 167.5 0.000213331816307
-12.5 172.5 0.000213331816307
-12.5 177.5 0.000213331816307
-7.5 -177.5 0.000099554847610
-7.5 -172.5 0.000071110605436
-7.5 -167.5 0.000056888484349
-7.5 157.5 0.000056888484349
-7.5 162.5 0.000099554847610
-7.5 167.5 0.000099554847610
-7.5 172.5 0.000099554847610
-7.5 177.5 0.000099554847610
-2.5 167.5 0.000014222121087
-2.5 172.5 0.000014222121087
-2.5 177.5 0.000014222121087
17.5 -177.5 0.000056888484349
17.5 -172.5 0.000056888484349
17.5 -167.5 0.000014222121087
17.5 167.5 0.000028444242174
17.5 172.5 0.000056888484349
17.5 177.5 0.000056888484349
22.5 -177.5 0.000099554847610
22.5 -172.5 0.000099554847610
22.5 -167.5 0.000056888484349
22.5 -162.5 0.000042666363261
22.5 57.5 0.000056888484349
22.5 62.5 0.000099554847610
22.5 67.5 0.000099554847610
22.5 72.5 0.000099554847610
22.5 77.5 0.000099554847610
22.5 82.5 0.000056888484349
22.5 87.5 0.000056888484349
22.5 92.5 0.000042666363261
22.5 97.5 0.000028444242174
22.5 157.5 0.000056888484349
22.5 162.5 0.000099554847610
22.5 167.5 0.000099554847610
22.5 172.5 0.000099554847610
22.5 177.5 0.000099554847610
27.5 -177.5 0.000213331816307
27.5 -172.5 0.000099554847610
27.5 -167.5 0.000099554847610
27.5 -162.5 0.000056888484349
27.5 -157.5 0.000014222121087
27.5 52.5 0.000099554847610
27.5 57.5 0.000241776058481
27.5 62.5 0.000284442421743
27.5 67.5 0.000312886663917
27.5 72.5 0.000284442421743
27.5 77.5 0.000255998179569
27.5 82.5 0.000213331816307
27.5 87.5 0.000142221210871
27.5 92.5 0.000099554847610
27.5 97.5 0.000099554847610
27.5 102.5 0.000099554847610
27.5 107.5 0.000071110605436
27.5 112.5 0.000056888484349
27.5 117.5 0.000042666363261
27.5 122.5 0.000014222121087
27.5 127.5 0.000028444242174
27.5 132.5 0.000042666363261
27.5 137.5 0.000042666363261
27.5 142.5 0.000028444242174
27.5 147.5 0.000042666363261
27.5 152.5 0.000099554847610
27.5 157.5 0.000227553937394
27.5 162.5 0.000284442421743
27.5 167.5 0.000383997269353
27.5 172.5 0.000383997269353
27.5 177.5 0.000284442421743
32.5 -177.5 0.000696883933270
32.5 -172.5 0.000255998179569
32.5 -167.5 0.000099554847610
32.5 -162.5 0.000056888484349
32.5 -157.5 0.000042666363261
32.5 -97.5 0.000042666363261
32.5 -92.5 0.000056888484349
32.5 -87.5 0.000056888484349
32.5 -82.5 0.000056888484349
32.5 -77.5 0.000056888484349
32.5 -72.5 0.000014222121087
32.5 47.5 0.000156443331959
32.5 52.5 0.000369775148266
32.5 57.5 0.000796438780880
32.5 62.5 0.001151991808058
32.5 67.5 0.001265768776755
32.5 72.5 0.001237324534581
32.5 77.5 0.001023992718274
32.5 82.5 0.000739550296531
32.5 87.5 0.000426663632614
32.5 92.5 0.000255998179569
32.5 97.5 0.000199109695220
32.5 102.5 0.000184887574133
32.5 107.5 0.000127999089784
32.5 112.5 0.000099554847610
32.5 117.5 0.000099554847610
32.5 122.5 0.000099554847610
32.5 127.5 0.000099554847610
32.5 132.5 0.000099554847610
32.5 137.5 0.000099554847610
32.5 142.5 0.000099554847610
32.5 147.5 0.000199109695220
32.5 152.5 0.000426663632614
32.5 157.5 0.000810660901967
32.5 162.5 0.001265768776755
32.5 167.5 0.001678210288282
32.5 172.5 0.001649766046108
32.5 177.5 0.001166213929145
37.5 -177.5 0.002375094221552
37.5 -172.5 0.000810660901967
37.5 -167.5 0.000255998179569
37.5 -162.5 0.000099554847610
37.5 -157.5 0.000056888484349
37.5 -152.5 0.000014222121087
37.5 -102.5 0.000056888484349
37.5 -97.5 0.000056888484349
37.5 -92.5 0.000099554847610
37.5 -87.5 0.000099554847610
37.5 -82.5 0.000099554847610
37.5 -77.5 0.000099554847610
37.5 -72.5 0.000071110605436
37.5 -67.5 0.000056888484349
37.5 42.5 0.000099554847610
37.5 47.5 0.000312886663917
37.5 52.5 0.001009770597187
37.5 57.5 0.001806209378067
37.5 62.5 0.002830202096341
37.5 67.5 0.003242643607868
37.5 72.5 0.003242643607868
37.5 77.5 0.002801757854166
37.5 82.5 0.001891542104589
37.5 87.5 0.001294213018930
37.5 92.5 0.000796438780880
37.5 97.5 0.000440885753701
37.5 102.5 0.000255998179569
37.5 107.5 0.000241776058481
37.5 112.5 0.000227553937394
37.5 117.5 0.000213331816307
37.5 122.5 0.000227553937394
37.5 127.5 0.000255998179569
37.5 132.5 0.000255998179569
37.5 137.5 0.000284442421743
37.5 142.5 0.000440885753701
37.5 147.5 0.000796438780880
37.5 152.5 0.001493322714150
37.5 157.5 0.002759091490905
37.5 162.5 0.004266636326142
37.5 167.5 0.005959068735511
37.5 172.5 0.006186622672905
37.5 177.5 0.004565300868972
42.5 -177.5 0.010111928092956
42.5 -172.5 0.003214199365693
42.5 -167.5 0.001009770597187
42.5 -162.5 0.000284442421743
42.5 -157.5 0.000199109695220
42.5 -152.5 0.000099554847610
42.5 -147.5 0.000042666363261
42.5 -107.5 0.000056888484349
42.5 -102.5 0.000099554847610
42.5 -97.5 0.000099554847610
42.5 -92.5 0.000113776968697
42.5 -87.5 0.000184887574133
42.5 -82.5 0.000184887574133
42.5 -77.5 0.000156443331959
42.5 -72.5 0.000099554847610
42.5 -67.5 0.000099554847610
42.5 -62.5 0.000056888484349
42.5 42.5 0.000184887574133
42.5 47.5 0.000725328175444
42.5 52.5 0.001678210288282
42.5 57.5 0.003199977244606
42.5 62.5 0.004622189353320
42.5 67.5 0.005774181161378
42.5 72.5 0.005987512977685
42.5 77.5 0.005262184802241
42.5 82.5 0.004223969962880
42.5 87.5 0.003242643607868
42.5 92.5 0.002005319073287
42.5 97.5 0.001166213929145
42.5 102.5 0.000725328175444
42.5 107.5 0.000497774238050
42.5 112.5 0.000440885753701
42.5 117.5 0.000398219390440
42.5 122.5 0.000455107874788
42.5 127.5 0.000668439691096
42.5 132.5 0.000796438780880
42.5 137.5 0.001066659081535
42.5 142.5 0.001607099682847
42.5 147.5 0.002687980885469
42.5 152.5 0.004622189353320
42.5 157.5 0.010325259909263
42.5 162.5 0.017393654089571
42.5 167.5 0.021987399200717
42.5 172.5 0.021688734657887
42.5 177.5 0.017592763784791
47.5 -177.5 0.025486040988153
47.5 -172.5 0.010993699600358
47.5 -167.5 0.003199977244606
47.5 -162.5 0.001166213929145
47.5 -157.5 0.000583106964573
47.5 -152.5 0.000255998179569
47.5 -147.5 0.000099554847610
47.5 -142.5 0.000042666363261
47.5 -112.5 0.000056888484349
47.5 -107.5 0.000071110605436
47.5 -102.5 0.000099554847610
47.5 -97.5 0.000184887574133
47.5 -92.5 0.000199109695220
47.5 -87.5 0.000213331816307
47.5 -82.5 0.000227553937394
47.5 -77.5 0.000227553937394
47.5 -72.5 0.000213331816307
47.5 -67.5 0.000184887574133
47.5 -62.5 0.000113776968697
47.5 -57.5 0.000099554847610
47.5 -52.5 0.000042666363261
47.5 37.5 0.000056888484349
47.5 42.5 0.000227553937394
47.5 47.5 0.000881771507403
47.5 52.5 0.002204428768507
47.5 57.5 0.004053304509835
47.5 62.5 0.006229289036167
47.5 67.5 0.008206163867279
47.5 72.5 0.009201712343379
47.5 77.5 0.008959936284898
47.5 82.5 0.008063942656408
47.5 87.5 0.006741285395304
47.5 92.5 0.004807076927453
47.5 97.5 0.003171533002432
47.5 102.5 0.001806209378067
47.5 107.5 0.001223102413494
47.5 112.5 0.000995548476100
47.5 117.5 0.000881771507403
47.5 122.5 0.000952882112838
47.5 127.5 0.001180436050233
47.5 132.5 0.001749320893718
47.5 137.5 0.002687980885469
47.5 142.5 0.003854194814615
47.5 147.5 0.007295948117702
47.5 152.5 0.015886109254334
47.5 157.5 0.025898482499680
47.5 162.5 0.044401462034048
47.5 167.5 0.061482229459702
47.5 172.5 0.062634221267760
47.5 177.5 0.046349892622986
52.5 -177.5 0.058808470695319
52.5 -172.5 0.022257619501372
52.5 -167.5 0.007950165687711
52.5 -162.5 0.002901312701776
52.5 -157.5 0.001166213929145
52.5 -152.5 0.000597329085660
52.5 -147.5 0.000227553937394
52.5 -142.5 0.000099554847610
52.5 -137.5 0.000028444242174
52.5 -117.5 0.000028444242174
52.5 -112.5 0.000056888484349
52.5 -107.5 0.000099554847610
52.5 -102.5 0.000127999089784
52.5 -97.5 0.000199109695220
52.5 -92.5 0.000255998179569
52.5 -87.5 0.000255998179569
52.5 -82.5 0.000284442421743
52.5 -77.5 0.000284442421743
52.5 -72.5 0.000284442421743
52.5 -67.5 0.000255998179569
52.5 -62.5 0.000213331816307
52.5 -57.5 0.000184887574133
52.5 -52.5 0.000099554847610
52.5 -47.5 0.000056888484349
52.5 37.5 0.000056888484349
52.5 42.5 0.000227553937394
52.5 47.5 0.000853327265228
52.5 52.5 0.002204428768507
52.5 57.5 0.004067526630922
52.5 62.5 0.006456842973561
52.5 67.5 0.008632827499893
52.5 72.5 0.010424814756873
52.5 77.5 0.011278142022101
52.5 82.5 0.012103025045155
52.5 87.5 0.012088802924068
52.5 92.5 0.010424814756873
52.5 97.5 0.006798173879652
52.5 102.5 0.003953749662225
52.5 107.5 0.002460426948075
52.5 112.5 0.001706654530457
52.5 117.5 0.001464878471975
52.5 122.5 0.001535989077411
52.5 127.5 0.001891542104589
52.5 132.5 0.002972423307212
52.5 137.5 0.004266636326142
52.5 142.5 0.007765278113578
52.5 147.5 0.016497660461081
52.5 152.5 0.030421117005390
52.5 157.5 0.059775574929245
52.5 162.5 0.115184958684738
52.5 167.5 0.174732979676589
52.5 172.5 0.195141723436633
52.5 177.5 0.136375919104575
57.5 -177.5 0.124301338301594
57.5 -172.5 0.040789043277914
57.5 -167.5 0.016668325914127
57.5 -162.5 0.004821299048540
57.5 -157.5 0.001806209378067
57.5 -152.5 0.000853327265228
57.5 -147.5 0.000312886663917
57.5 -142.5 0.000184887574133
57.5 -137.5 0.000056888484349
57.5 -132.5 0.000014222121087
57.5 -122.5 0.000014222121087
57.5 -117.5 0.000056888484349
57.5 -112.5 0.000056888484349
57.5 -107.5 0.000099554847610
57.5 -102.5 0.000184887574133
57.5 -97.5 0.000227553937394
57.5 -92.5 0.000255998179569
57.5 -87.5 0.000312886663917
57.5 -82.5 0.000369775148266
57.5 -77.5 0.000398219390440
57.5 -72.5 0.000383997269353
57.5 -67.5 0.000312886663917
57.5 -62.5 0.000255998179569
57.5 -57.5 0.000213331816307
57.5 -52.5 0.000184887574133
57.5 -47.5 0.000099554847610
57.5 -42.5 0.000042666363261
57.5 37.5 0.000056888484349
57.5 42.5 0.000213331816307
57.5 47.5 0.000696883933270
57.5 52.5 0.001678210288282
57.5 57.5 0.003214199365693
57.5 62.5 0.004935076017237
57.5 67.5 0.006983061453785
57.5 72.5 0.009087935374682
57.5 77.5 0.011548362322757
57.5 82.5 0.014279009571487
57.5 87.5 0.015957219859770
57.5 92.5 0.015175003199977
57.5 97.5 0.011562584443844
57.5 102.5 0.006741285395304
57.5 107.5 0.003768862088092
57.5 112.5 0.002559981795685
57.5 117.5 0.001891542104589
57.5 122.5 0.001905764225677
57.5 127.5 0.002673758764382
57.5 132.5 0.003626640877220
57.5 137.5 0.005688848434856
57.5 142.5 0.011932359592110
57.5 147.5 0.023807830699871
57.5 152.5 0.050545418343692
57.5 157.5 0.113748524454937
57.5 162.5 0.226017948316812
57.5 167.5 0.340676688521326
57.5 172.5 0.400878927083185
57.5 177.5 0.283916203262555
62.5 -177.5 0.171547224553070
62.5 -172.5 0.054684055580049
62.5 -167.5 0.020835407392659
62.5 -162.5 0.006584842063345
62.5 -157.5 0.001934208467851
62.5 -152.5 0.001023992718274
62.5 -147.5 0.000469329995876
62.5 -142.5 0.000213331816307
62.5 -137.5 0.000099554847610
62.5 -132.5 0.000056888484349
62.5 -127.5 0.000028444242174
62.5 -122.5 0.000028444242174
62.5 -117.5 0.000056888484349
62.5 -112.5 0.000085332726523
62.5 -107.5 0.000099554847610
62.5 -102.5 0.000199109695220
62.5 -97.5 0.000255998179569
62.5 -92.5 0.000284442421743
62.5 -87.5 0.000383997269353
62.5 -82.5 0.000469329995876
62.5 -77.5 0.000583106964573
62.5 -72.5 0.000568884843486
62.5 -67.5 0.000455107874788
62.5 -62.5 0.000327108785004
62.5 -57.5 0.000255998179569
62.5 -52.5 0.000213331816307
62.5 -47.5 0.000099554847610
62.5 -42.5 0.000056888484349
62.5 37.5 0.000042666363261
62.5 42.5 0.000127999089784
62.5 47.5 0.000284442421743
62.5 52.5 0.000995548476100
62.5 57.5 0.001820431499154
62.5 62.5 0.003029311791561
62.5 67.5 0.004110192994183
62.5 72.5 0.005831069645727
62.5 77.5 0.009429266280773
62.5 82.5 0.013482570790608
62.5 87.5 0.016298550765861
62.5 92.5 0.016341217129123
62.5 97.5 0.013354571700823
62.5 102.5 0.008405273562499
62.5 107.5 0.004551078747884
62.5 112.5 0.003000867549386
62.5 117.5 0.002289761495029
62.5 122.5 0.002204428768507
62.5 127.5 0.002801757854166
62.5 132.5 0.003697751482656
62.5 137.5 0.005831069645727
62.5 142.5 0.013027462915819
62.5 147.5 0.026993585823390
62.5 152.5 0.058481361910315
62.5 157.5 0.133474606402799
62.5 162.5 0.258202608337007
62.5 167.5 0.417390809665353
62.5 172.5 0.498428455619871
62.5 177.5 0.367314721317537
67.5 -177.5 0.142804317835962
67.5 -172.5 0.050545418343692
67.5 -167.5 0.020081634975040
67.5 -162.5 0.005831069645727
67.5 -157.5 0.001891542104589
67.5 -152.5 0.001009770597187
67.5 -147.5 0.000497774238050
67.5 -142.5 0.000227553937394
67.5 -137.5 0.000099554847610
67.5 -132.5 0.000056888484349
67.5 -127.5 0.000042666363261
67.5 -122.5 0.000028444242174
67.5 -117.5 0.000056888484349
67.5 -112.5 0.000071110605436
67.5 -107.5 0.000099554847610
67.5 -102.5 0.000199109695220
67.5 -97.5 0.000255998179569
67.5 -92.5 0.000284442421743
67.5 -87.5 0.000440885753701
67.5 -82.5 0.000583106964573
67.5 -77.5 0.000668439691096
67.5 -72.5 0.000668439691096
67.5 -67.5 0.000583106964573
67.5 -62.5 0.000398219390440
67.5 -57.5 0.000284442421743
67.5 -52.5 0.000227553937394
67.5 -47.5 0.000184887574133
67.5 -42.5 0.000099554847610
67.5 -37.5 0.000028444242174
67.5 42.5 0.000099554847610
67.5 47.5 0.000199109695220
67.5 52.5 0.000355553027178
67.5 57.5 0.000810660901967
67.5 62.5 0.001351101503278
67.5 67.5 0.001934208467851
67.5 72.5 0.003199977244606
67.5 77.5 0.005262184802241
67.5 82.5 0.009841707792300
67.5 87.5 0.013155462005604
67.5 92.5 0.013866568059960
67.5 97.5 0.011491473838408
67.5 102.5 0.007423947207487
67.5 107.5 0.004209747841793
67.5 112.5 0.002801757854166
67.5 117.5 0.001934208467851
67.5 122.5 0.001891542104589
67.5 127.5 0.002346649979378
67.5 132.5 0.003171533002432
67.5 137.5 0.004593745111146
67.5 142.5 0.010097705971869
67.5 147.5 0.022214953138111
67.5 152.5 0.046762334134513
67.5 157.5 0.097691749747557
67.5 162.5 0.182711589606474
67.5 167.5 0.286021077183451
67.5 172.5 0.350760172372108
67.5 177.5 0.276705587871375
72.5 -177.5 0.072347929970276
72.5 -172.5 0.033066431527598
72.5 -167.5 0.014833672293886
72.5 -162.5 0.004095970873096
72.5 -157.5 0.001635543925021
72.5 -152.5 0.000810660901967
72.5 -147.5 0.000398219390440
72.5 -142.5 0.000213331816307
72.5 -137.5 0.000099554847610
72.5 -132.5 0.000056888484349
72.5 -127.5 0.000042666363261
72.5 -122.5 0.000028444242174
72.5 -117.5 0.000042666363261
72.5 -112.5 0.000056888484349
72.5 -107.5 0.000099554847610
72.5 -102.5 0.000184887574133
72.5 -97.5 0.000241776058481
72.5 -92.5 0.000284442421743
72.5 -87.5 0.000383997269353
72.5 -82.5 0.000540440601311
72.5 -77.5 0.000639995448921
72.5 -72.5 0.000668439691096
72.5 -67.5 0.000583106964573
72.5 -62.5 0.000398219390440
72.5 -57.5 0.000284442421743
72.5 -52.5 0.000255998179569
72.5 -47.5 0.000184887574133
72.5 -42.5 0.000099554847610
72.5 -37.5 0.000056888484349
72.5 47.5 0.000099554847610
72.5 52.5 0.000184887574133
72.5 57.5 0.000255998179569
72.5 62.5 0.000440885753701
72.5 67.5 0.000796438780880
72.5 72.5 0.001393767866540
72.5 77.5 0.002730647248731
72.5 82.5 0.004565300868972
72.5 87.5 0.007096838422482
72.5 92.5 0.008092386898582
72.5 97.5 0.006940395090524
72.5 102.5 0.004593745111146
72.5 107.5 0.003029311791561
72.5 112.5 0.001877319983502
72.5 117.5 0.001592877561760
72.5 122.5 0.001535989077411
72.5 127.5 0.001678210288282
72.5 132.5 0.001934208467851
72.5 137.5 0.003086200275909
72.5 142.5 0.005162629954631
72.5 147.5 0.013482570790608
72.5 152.5 0.025656706441199
72.5 157.5 0.049123206234978
72.5 162.5 0.083028742906717
72.5 167.5 0.127956423420989
72.5 172.5 0.156471776200703
72.5 177.5 0.131255955513205
77.5 -177.5 0.030378450642129
77.5 -172.5 0.017251432878700
77.5 -167.5 0.007253281754441
77.5 -162.5 0.002730647248731
77.5 -157.5 0.001151991808058
77.5 -152.5 0.000668439691096
77.5 -147.5 0.000284442421743
77.5 -142.5 0.000184887574133
77.5 -137.5 0.000099554847610
77.5 -132.5 0.000056888484349
77.5 -127.5 0.000014222121087
77.5 -117.5 0.000014222121087
77.5 -112.5 0.000056888484349
77.5 -107.5 0.000099554847610
77.5 -102.5 0.000113776968697
77.5 -97.5 0.000213331816307
77.5 -92.5 0.000255998179569
77.5 -87.5 0.000312886663917
77.5 -82.5 0.000426663632614
77.5 -77.5 0.000469329995876
77.5 -72.5 0.000497774238050
77.5 -67.5 0.000455107874788
77.5 -62.5 0.000355553027178
77.5 -57.5 0.000284442421743
77.5 -52.5 0.000227553937394
77.5 -47.5 0.000184887574133
77.5 -42.5 0.000099554847610
77.5 -37.5 0.000042666363261
77.5 52.5 0.000042666363261
77.5 57.5 0.000099554847610
77.5 62.5 0.000099554847610
77.5 67.5 0.000213331816307
77.5 72.5 0.000440885753701
77.5 77.5 0.000952882112838
77.5 82.5 0.001749320893718
77.5 87.5 0.002801757854166
77.5 92.5 0.003199977244606
77.5 97.5 0.003000867549386
77.5 102.5 0.002204428768507
77.5 107.5 0.001493322714150
77.5 112.5 0.001066659081535
77.5 117.5 0.001009770597187
77.5 122.5 0.001009770597187
77.5 127.5 0.001023992718274
77.5 132.5 0.001166213929145
77.5 137.5 0.001578655440672
77.5 142.5 0.002545759674598
77.5 147.5 0.004735966322017
77.5 152.5 0.010979477479271
77.5 157.5 0.020138523459389
77.5 162.5 0.029667344587772
77.5 167.5 0.040376601766387
77.5 172.5 0.046790778376687
77.5 177.5 0.043519690526645
82.5 -177.5 0.010979477479271
82.5 -172.5 0.006058623583121
82.5 -167.5 0.003086200275909
82.5 -162.5 0.001279990897843
82.5 -157.5 0.000696883933270
82.5 -152.5 0.000284442421743
82.5 -147.5 0.000213331816307
82.5 -142.5 0.000099554847610
82.5 -137.5 0.000056888484349
82.5 -132.5 0.000042666363261
82.5 -107.5 0.000056888484349
82.5 -102.5 0.000099554847610
82.5 -97.5 0.000184887574133
82.5 -92.5 0.000213331816307
82.5 -87.5 0.000255998179569
82.5 -82.5 0.000284442421743
82.5 -77.5 0.000341330906091
82.5 -72.5 0.000355553027178
82.5 -67.5 0.000312886663917
82.5 -62.5 0.000284442421743
82.5 -57.5 0.000255998179569
82.5 -52.5 0.000213331816307
82.5 -47.5 0.000113776968697
82.5 -42.5 0.000099554847610
82.5 67.5 0.000056888484349
82.5 72.5 0.000113776968697
82.5 77.5 0.000255998179569
82.5 82.5 0.000383997269353
82.5 87.5 0.000725328175444
82.5 92.5 0.000853327265228
82.5 97.5 0.000796438780880
82.5 102.5 0.000725328175444
82.5 107.5 0.000639995448921
82.5 112.5 0.000526218480224
82.5 117.5 0.000497774238050
82.5 122.5 0.000469329995876
82.5 127.5 0.000497774238050
82.5 132.5 0.000625773327834
82.5 137.5 0.000725328175444
82.5 142.5 0.001009770597187
82.5 147.5 0.001777765135892
82.5 152.5 0.003299532092216
82.5 157.5 0.005973290856598
82.5 162.5 0.010510147483396
82.5 167.5 0.013511015032782
82.5 172.5 0.015686999559114
82.5 177.5 0.015260335926500
87.5 -177.5 0.003057756033735
87.5 -172.5 0.001891542104589
87.5 -167.5 0.001038214839361
87.5 -162.5 0.000540440601311
87.5 -157.5 0.000255998179569
87.5 -152.5 0.000199109695220
87.5 -147.5 0.000099554847610
87.5 -142.5 0.000099554847610
87.5 -137.5 0.000056888484349
87.5 -102.5 0.000056888484349
87.5 -97.5 0.000099554847610
87.5 -92.5 0.000113776968697
87.5 -87.5 0.000199109695220
87.5 -82.5 0.000227553937394
87.5 -77.5 0.000255998179569
87.5 -72.5 0.000255998179569
87.5 -67.5 0.000255998179569
87.5 -62.5 0.000241776058481
87.5 -57.5 0.000213331816307
87.5 -52.5 0.000184887574133
87.5 -47.5 0.000099554847610
87.5 -42.5 0.000056888484349
87.5 72.5 0.000014222121087
87.5 77.5 0.000099554847610
87.5 82.5 0.000099554847610
87.5 87.5 0.000184887574133
87.5 92.5 0.000199109695220
87.5 97.5 0.000199109695220
87.5 102.5 0.000199109695220
87.5 107.5 0.000199109695220
87.5 112.5 0.000213331816307
87.5 117.5 0.000213331816307
87.5 122.5 0.000213331816307
87.5 127.5 0.000241776058481
87.5 132.5 0.000255998179569
87.5 137.5 0.000255998179569
87.5 142.5 0.000369775148266
87.5 147.5 0.000725328175444
87.5 152.5 0.001265768776755
87.5 157.5 0.002019541194374
87.5 162.5 0.003199977244606
87.5 167.5 0.003839972693528
87.5 172.5 0.003996416025486
87.5 177.5 0.003740417845918
92.5 -177.5 0.000952882112838
92.5 -172.5 0.000668439691096
92.5 -167.5 0.000284442421743
92.5 -162.5 0.000213331816307
92.5 -157.5 0.000113776968697
92.5 -152.5 0.000099554847610
92.5 -147.5 0.000071110605436
92.5 -142.5 0.000042666363261
92.5 -97.5 0.000028444242174
92.5 -92.5 0.000056888484349
92.5 -87.5 0.000099554847610
92.5 -82.5 0.000113776968697
92.5 -77.5 0.000184887574133
92.5 -72.5 0.000184887574133
92.5 -67.5 0.000184887574133
92.5 -62.5 0.000184887574133
92.5 -57.5 0.000099554847610
92.5 -52.5 0.000099554847610
92.5 -47.5 0.000056888484349
92.5 82.5 0.000042666363261
92.5 87.5 0.000056888484349
92.5 92.5 0.000071110605436
92.5 97.5 0.000071110605436
92.5 102.5 0.000071110605436
92.5 107.5 0.000099554847610
92.5 112.5 0.000099554847610
92.5 117.5 0.000099554847610
92.5 122.5 0.000099554847610
92.5 127.5 0.000113776968697
92.5 132.5 0.000184887574133
92.5 137.5 0.000199109695220
92.5 142.5 0.000227553937394
92.5 147.5 0.000284442421743
92.5 152.5 0.000540440601311
92.5 157.5 0.000796438780880
92.5 162.5 0.001066659081535
92.5 167.5 0.001351101503278
92.5 172.5 0.001393767866540
92.5 177.5 0.001237324534581
97.5 -177.5 0.000284442421743
97.5 -172.5 0.000227553937394
97.5 -167.5 0.000184887574133
97.5 -162.5 0.000099554847610
97.5 -157.5 0.000085332726523
97.5 -152.5 0.000056888484349
97.5 -82.5 0.000056888484349
97.5 -77.5 0.000071110605436
97.5 -72.5 0.000099554847610
97.5 -67.5 0.000099554847610
97.5 -62.5 0.000099554847610
97.5 -57.5 0.000056888484349
97.5 -52.5 0.000042666363261
97.5 92.5 0.000014222121087
97.5 97.5 0.000042666363261
97.5 102.5 0.000056888484349
97.5 107.5 0.000056888484349
97.5 112.5 0.000056888484349
97.5 117.5 0.000056888484349
97.5 122.5 0.000056888484349
97.5 127.5 0.000099554847610
97.5 132.5 0.000099554847610
97.5 137.5 0.000099554847610
97.5 142.5 0.000142221210871
97.5 147.5 0.000199109695220
97.5 152.5 0.000227553937394
97.5 157.5 0.000284442421743
97.5 162.5 0.000369775148266
97.5 167.5 0.000554662722398
97.5 172.5 0.000639995448921
97.5 177.5 0.000455107874788
102.5 -177.5 0.000184887574133
102.5 -172.5 0.000099554847610
102.5 -167.5 0.000099554847610
102.5 -162.5 0.000056888484349
102.5 97.5 0.000028444242174
102.5 102.5 0.000042666363261
102.5 107.5 0.000056888484349
102.5 112.5 0.000056888484349
102.5 117.5 0.000056888484349
102.5 122.5 0.000056888484349
102.5 127.5 0.000056888484349
102.5 132.5 0.000056888484349
102.5 137.5 0.000056888484349
102.5 142.5 0.000099554847610
102.5 147.5 0.000099554847610
102.5 152.5 0.000113776968697
102.5 157.5 0.000184887574133
102.5 162.5 0.000213331816307
102.5 167.5 0.000213331816307
102.5 172.5 0.000213331816307
102.5 177.5 0.000213331816307
107.5 -177.5 0.000056888484349
107.5 -172.5 0.000056888484349
107.5 102.5 0.000042666363261
107.5 107.5 0.000042666363261
107.5 112.5 0.000042666363261
107.5 117.5 0.000042666363261
107.5 122.5 0.000042666363261
107.5 127.5 0.000028444242174
107.5 132.5 0.000028444242174
107.5 137.5 0.000042666363261
107.5 142.5 0.000056888484349
107.5 147.5 0.000056888484349
107.5 152.5 0.000099554847610
107.5 157.5 0.000099554847610
107.5 162.5 0.000099554847610
107.5 167.5 0.000099554847610
107.5 172.5 0.000099554847610
107.5 177.5 0.000099554847610
112.5 102.5 0.000014222121087
112.5 107.5 0.000042666363261
112.5 112.5 0.000042666363261
112.5 117.5 0.000042666363261
112.5 122.5 0.000028444242174
112.5 127.5 0.000014222121087
112.5 147.5 0.000014222121087
112.5 152.5 0.000042666363261
112.5 157.5 0.000056888484349
112.5 162.5 0.000056888484349
112.5 167.5 0.000056888484349
112.5 172.5 0.000056888484349
112.5 177.5 0.000042666363261
117.5 107.5 0.000028444242174
117.5 112.5 0.000042666363261
117.5 117.5 0.000028444242174
117.5 122.5 0.000028444242174
117.5 127.5 0.000014222121087
122.5 112.5 0.000014222121087
122.5 117.5 0.000014222121087
122.5 122.5 0.000014222121087
147.5 57.5 0.000056888484349
147.5 62.5 0.000056888484349
147.5 67.5 0.000056888484349
147.5 72.5 0.000056888484349
147.5 77.5 0.000042666363261
147.5 137.5 0.000028444242174
147.5 142.5 0.000042666363261
147.5 147.5 0.000056888484349
147.5 152.5 0.000056888484349
147.5 157.5 0.000071110605436
147.5 162.5 0.000099554847610
147.5 167.5 0.000099554847610
147.5 172.5 0.000099554847610
147.5 177.5 0.000056888484349
152.5 -177.5 0.000071110605436
152.5 -172.5 0.000028444242174
152.5 -92.5 0.000028444242174
152.5 -87.5 0.000028444242174
152.5 52.5 0.000056888484349
152.5 57.5 0.000099554847610
152.5 62.5 0.000170665453046
152.5 67.5 0.000184887574133
152.5 72.5 0.000127999089784
152.5 77.5 0.000099554847610
152.5 82.5 0.000099554847610
152.5 87.5 0.000056888484349
152.5 92.5 0.000042666363261
152.5 117.5 0.000028444242174
152.5 122.5 0.000056888484349
152.5 127.5 0.000056888484349
152.5 132.5 0.000099554847610
152.5 137.5 0.000099554847610
152.5 142.5 0.000099554847610
152.5 147.5 0.000099554847610
152.5 152.5 0.000099554847610
152.5 157.5 0.000184887574133
152.5 162.5 0.000199109695220
152.5 167.5 0.000199109695220
152.5 172.5 0.000184887574133
152.5 177.5 0.000099554847610
157.5 -177.5 0.000199109695220
157.5 -172.5 0.000099554847610
157.5 -167.5 0.000042666363261
157.5 -102.5 0.000042666363261
157.5 -97.5 0.000056888484349
157.5 -92.5 0.000056888484349
157.5 -87.5 0.000056888484349
157.5 -82.5 0.000056888484349
157.5 -77.5 0.000042666363261
157.5 47.5 0.000056888484349
157.5 52.5 0.000184887574133
157.5 57.5 0.000255998179569
157.5 62.5 0.000455107874788
157.5 67.5 0.000639995448921
157.5 72.5 0.000455107874788
157.5 77.5 0.000284442421743
157.5 82.5 0.000213331816307
157.5 87.5 0.000156443331959
157.5 92.5 0.000099554847610
157.5 97.5 0.000099554847610
157.5 102.5 0.000056888484349
157.5 107.5 0.000056888484349
157.5 112.5 0.000056888484349
157.5 117.5 0.000099554847610
157.5 122.5 0.000099554847610
157.5 127.5 0.000113776968697
157.5 132.5 0.000184887574133
157.5 137.5 0.000184887574133
157.5 142.5 0.000184887574133
157.5 147.5 0.000213331816307
157.5 152.5 0.000255998179569
157.5 157.5 0.000312886663917
157.5 162.5 0.000426663632614
157.5 167.5 0.000583106964573
157.5 172.5 0.000455107874788
157.5 177.5 0.000284442421743
162.5 -177.5 0.000639995448921
162.5 -172.5 0.000227553937394
162.5 -167.5 0.000099554847610
162.5 -162.5 0.000056888484349
162.5 -107.5 0.000056888484349
162.5 -102.5 0.000056888484349
162.5 -97.5 0.000099554847610
162.5 -92.5 0.000099554847610
162.5 -87.5 0.000099554847610
162.5 -82.5 0.000099554847610
162.5 -77.5 0.000056888484349
162.5 -72.5 0.000056888484349
162.5 47.5 0.000184887574133
162.5 52.5 0.000369775148266
162.5 57.5 0.000995548476100
162.5 62.5 0.001621321803934
162.5 67.5 0.001777765135892
162.5 72.5 0.001450656350888
162.5 77.5 0.000910215749577
162.5 82.5 0.000469329995876
162.5 87.5 0.000255998179569
162.5 92.5 0.000213331816307
162.5 97.5 0.000184887574133
162.5 102.5 0.000113776968697
162.5 107.5 0.000099554847610
162.5 112.5 0.000113776968697
162.5 117.5 0.000184887574133
162.5 122.5 0.000213331816307
162.5 127.5 0.000255998179569
162.5 132.5 0.000255998179569
162.5 137.5 0.000255998179569
162.5 142.5 0.000284442421743
162.5 147.5 0.000540440601311
162.5 152.5 0.000796438780880
162.5 157.5 0.001166213929145
162.5 162.5 0.001848875741328
162.5 167.5 0.002346649979378
162.5 172.5 0.001863097862415
162.5 177.5 0.001166213929145
167.5 -177.5 0.001891542104589
167.5 -172.5 0.000725328175444
167.5 -167.5 0.000227553937394
167.5 -162.5 0.000099554847610
167.5 -157.5 0.000056888484349
167.5 -112.5 0.000028444242174
167.5 -107.5 0.000056888484349
167.5 -102.5 0.000099554847610
167.5 -97.5 0.000099554847610
167.5 -92.5 0.000099554847610
167.5 -87.5 0.000099554847610
167.5 -82.5 0.000099554847610
167.5 -77.5 0.000099554847610
167.5 -72.5 0.000056888484349
167.5 -67.5 0.000028444242174
167.5 42.5 0.000099554847610
167.5 47.5 0.000369775148266
167.5 52.5 0.001208880292407
167.5 57.5 0.003057756033735
167.5 62.5 0.004807076927453
167.5 67.5 0.005034630864847
167.5 72.5 0.003783084209179
167.5 77.5 0.002232873010681
167.5 82.5 0.001151991808058
167.5 87.5 0.000696883933270
167.5 92.5 0.000369775148266
167.5 97.5 0.000284442421743
167.5 102.5 0.000255998179569
167.5 107.5 0.000227553937394
167.5 112.5 0.000227553937394
167.5 117.5 0.000255998179569
167.5 122.5 0.000284442421743
167.5 127.5 0.000383997269353
167.5 132.5 0.000540440601311
167.5 137.5 0.000682661812183
167.5 142.5 0.000796438780880
167.5 147.5 0.001351101503278
167.5 152.5 0.002574203916772
167.5 157.5 0.005091519349196
167.5 162.5 0.010055039608607
167.5 167.5 0.012344801103637
167.5 172.5 0.010040817487520
167.5 177.5 0.004807076927453
172.5 -177.5 0.006869284485088
172.5 -172.5 0.001834653620241
172.5 -167.5 0.000455107874788
172.5 -162.5 0.000199109695220
172.5 -157.5 0.000099554847610
172.5 -152.5 0.000042666363261
172.5 -112.5 0.000056888484349
172.5 -107.5 0.000099554847610
172.5 -102.5 0.000099554847610
172.5 -97.5 0.000099554847610
172.5 -92.5 0.000113776968697
172.5 -87.5 0.000113776968697
172.5 -82.5 0.000099554847610
172.5 -77.5 0.000099554847610
172.5 -72.5 0.000099554847610
172.5 -67.5 0.000056888484349
172.5 37.5 0.000099554847610
172.5 42.5 0.000284442421743
172.5 47.5 0.001023992718274
172.5 52.5 0.003541308150698
172.5 57.5 0.010439036877960
172.5 62.5 0.015502111984981
172.5 67.5 0.014734117446276
172.5 72.5 0.009699486581429
172.5 77.5 0.004479968142449
172.5 82.5 0.002389316342639
172.5 87.5 0.001365323624365
172.5 92.5 0.000910215749577
172.5 97.5 0.000696883933270
172.5 102.5 0.000455107874788
172.5 107.5 0.000341330906091
172.5 112.5 0.000327108785004
172.5 117.5 0.000398219390440
172.5 122.5 0.000625773327834
172.5 127.5 0.000739550296531
172.5 132.5 0.000952882112838
172.5 137.5 0.001166213929145
172.5 142.5 0.001777765135892
172.5 147.5 0.003669307240482
172.5 152.5 0.009543043249470
172.5 157.5 0.018645200745239
172.5 162.5 0.029710010951033
172.5 167.5 0.036522406951773
172.5 172.5 0.028643351869498
172.5 177.5 0.017635430148052
177.5 -177.5 0.016554548945430
177.5 -172.5 0.004095970873096
177.5 -167.5 0.001023992718274
177.5 -162.5 0.000284442421743
177.5 -157.5 0.000184887574133
177.5 -152.5 0.000099554847610
177.5 -147.5 0.000014222121087
177.5 -112.5 0.000056888484349
177.5 -107.5 0.000099554847610
177.5 -102.5 0.000099554847610
177.5 -97.5 0.000113776968697
177.5 -92.5 0.000156443331959
177.5 -87.5 0.000156443331959
177.5 -82.5 0.000113776968697
177.5 -77.5 0.000099554847610
177.5 -72.5 0.000099554847610
177.5 -67.5 0.000056888484349
177.5 32.5 0.000056888484349
177.5 37.5 0.000227553937394
177.5 42.5 0.000810660901967
177.5 47.5 0.003199977244606
177.5 52.5 0.013610569880392
177.5 57.5 0.025670928562286
177.5 62.5 0.033877092429565
177.5 67.5 0.029525123376900
177.5 72.5 0.020038968611779
177.5 77.5 0.010766145662964
177.5 82.5 0.004622189353320
177.5 87.5 0.002901312701776
177.5 92.5 0.001777765135892
177.5 97.5 0.001166213929145
177.5 102.5 0.000796438780880
177.5 107.5 0.000682661812183
177.5 112.5 0.000654217570008
177.5 117.5 0.000696883933270
177.5 122.5 0.000796438780880
177.5 127.5 0.001066659081535
177.5 132.5 0.001535989077411
177.5 137.5 0.002247095131768
177.5 142.5 0.003925305420050
177.5 147.5 0.010382148393611
177.5 152.5 0.021190960419837
177.5 157.5 0.042623696898155
177.5 162.5 0.077439449319472
177.5 167.5 0.098929074282138
177.5 172.5 0.074026140258558
177.5 177.5 0.038357060572014
