# Table name/description: "Top8000 Leu (tt* and mp* removed)"
# Number of dimensions: 2
# For each dimension, 1 to 2: lower_bound  upper_bound  number_of_bins  wrapping
# x1: -180.0 180.0 72 true
# x2: -180.0 180.0 72 true
# List of table coordinates and values. (Value is last number on each line.)
-177.5 -177.5 0.000868109381782
-177.5 -172.5 0.000487204244878
-177.5 -167.5 0.000230314733942
-177.5 -162.5 0.000035433035991
-177.5 -132.5 0.000008858258998
-177.5 -127.5 0.000035433035991
-177.5 -122.5 0.000088582589978
-177.5 -117.5 0.000168306920958
-177.5 -112.5 0.000265747769933
-177.5 -107.5 0.000407479913898
-177.5 -102.5 0.000673227683831
-177.5 -97.5 0.001045274561738
-177.5 -92.5 0.002258856044433
-177.5 -87.5 0.005217514549690
-177.5 -82.5 0.009150581544703
-177.5 -77.5 0.011604319287087
-177.5 -72.5 0.010984241157243
-177.5 -67.5 0.007281488896172
-177.5 -62.5 0.003153540203208
-177.5 -57.5 0.001328738849666
-177.5 -52.5 0.000744093755813
-177.5 -47.5 0.000504920762873
-177.5 -42.5 0.000345472100913
-177.5 -37.5 0.000265747769933
-177.5 -32.5 0.000186023438953
-177.5 -27.5 0.000106299107973
-177.5 -22.5 0.000088582589978
-177.5 -17.5 0.000088582589978
-177.5 -12.5 0.000088582589978
-177.5 -7.5 0.000088582589978
-177.5 -2.5 0.000088582589978
-177.5 2.5 0.000097440848976
-177.5 7.5 0.000106299107973
-177.5 12.5 0.000186023438953
-177.5 17.5 0.000345472100913
-177.5 22.5 0.000655511165835
-177.5 27.5 0.001187006705702
-177.5 32.5 0.004163381728955
-177.5 37.5 0.015280496771165
-177.5 42.5 0.052928097511715
-177.5 47.5 0.116468389302766
-177.5 52.5 0.281223148402413
-177.5 57.5 0.538094942819938
-177.5 62.5 0.579135256756637
-177.5 67.5 0.394662013127940
-177.5 72.5 0.201569683494406
-177.5 77.5 0.107450681643030
-177.5 82.5 0.060803089760738
-177.5 87.5 0.029568868534578
-177.5 92.5 0.013880891849516
-177.5 97.5 0.007210622824190
-177.5 102.5 0.003897633959022
-177.5 107.5 0.002781493325302
-177.5 112.5 0.002666335958331
-177.5 117.5 0.002940941987262
-177.5 122.5 0.003738185297062
-177.5 127.5 0.007653535774079
-177.5 132.5 0.015909433160007
-177.5 137.5 0.037213546049659
-177.5 142.5 0.062016671243434
-177.5 147.5 0.082355233902329
-177.5 152.5 0.078342442576336
-177.5 157.5 0.054868056232228
-177.5 162.5 0.031810008061016
-177.5 167.5 0.015289355030162
-177.5 172.5 0.007201764565192
-177.5 177.5 0.002533462073364
-172.5 -177.5 0.002356296893409
-172.5 -172.5 0.000788385050802
-172.5 -167.5 0.000380905136904
-172.5 -162.5 0.000088582589978
-172.5 -132.5 0.000008858258998
-172.5 -127.5 0.000044291294989
-172.5 -122.5 0.000097440848976
-172.5 -117.5 0.000186023438953
-172.5 -112.5 0.000310039064922
-172.5 -107.5 0.000487204244878
-172.5 -102.5 0.000682085942829
-172.5 -97.5 0.001080707597729
-172.5 -92.5 0.002303147339422
-172.5 -87.5 0.005731293571561
-172.5 -82.5 0.010523611689359
-172.5 -77.5 0.013446837158625
-172.5 -72.5 0.013278530237667
-172.5 -67.5 0.009850384005528
-172.5 -62.5 0.004765743340804
-172.5 -57.5 0.001824801353542
-172.5 -52.5 0.000859251122784
-172.5 -47.5 0.000655511165835
-172.5 -42.5 0.000398621654900
-172.5 -37.5 0.000301180805924
-172.5 -32.5 0.000203739956949
-172.5 -27.5 0.000097440848976
-172.5 -22.5 0.000062007812984
-172.5 -17.5 0.000035433035991
-172.5 -12.5 0.000035433035991
-172.5 -7.5 0.000035433035991
-172.5 -2.5 0.000062007812984
-172.5 2.5 0.000088582589978
-172.5 7.5 0.000097440848976
-172.5 12.5 0.000186023438953
-172.5 17.5 0.000345472100913
-172.5 22.5 0.000655511165835
-172.5 27.5 0.001178148446704
-172.5 32.5 0.004340546908911
-172.5 37.5 0.016175180929940
-172.5 42.5 0.052582625410802
-172.5 47.5 0.103420173799042
-172.5 52.5 0.178423052733216
-172.5 57.5 0.277493821364349
-172.5 62.5 0.311367803771847
-172.5 67.5 0.261327498693407
-172.5 72.5 0.171407311606977
-172.5 77.5 0.105749895915457
-172.5 82.5 0.060422184623834
-172.5 87.5 0.029347412059634
-172.5 92.5 0.013765734482545
-172.5 97.5 0.007042315903232
-172.5 102.5 0.003729327038064
-172.5 107.5 0.002568895109355
-172.5 112.5 0.002365155152406
-172.5 117.5 0.002622044663342
-172.5 122.5 0.003569878376104
-172.5 127.5 0.007104323716217
-172.5 132.5 0.014642702123325
-172.5 137.5 0.030383828362374
-172.5 142.5 0.052954672288708
-172.5 147.5 0.071282410155108
-172.5 152.5 0.073612132271523
-172.5 157.5 0.059022579702185
-172.5 162.5 0.043494051679083
-172.5 167.5 0.026247021410412
-172.5 172.5 0.015599394095085
-172.5 177.5 0.008043299169981
-167.5 -177.5 0.005376963211650
-167.5 -172.5 0.001355313626660
-167.5 -167.5 0.000487204244878
-167.5 -162.5 0.000168306920958
-167.5 -132.5 0.000008858258998
-167.5 -127.5 0.000070866071982
-167.5 -122.5 0.000115157366971
-167.5 -117.5 0.000203739956949
-167.5 -112.5 0.000310039064922
-167.5 -107.5 0.000469487726882
-167.5 -102.5 0.000673227683831
-167.5 -97.5 0.000894684158775
-167.5 -92.5 0.001771651799555
-167.5 -87.5 0.004083657397975
-167.5 -82.5 0.008601369486841
-167.5 -77.5 0.012126956567956
-167.5 -72.5 0.012366129560896
-167.5 -67.5 0.009345463242654
-167.5 -62.5 0.004978341556750
-167.5 -57.5 0.002019683051493
-167.5 -52.5 0.000912400676771
-167.5 -47.5 0.000664369424833
-167.5 -42.5 0.000407479913898
-167.5 -37.5 0.000318897323920
-167.5 -32.5 0.000212598215947
-167.5 -27.5 0.000097440848976
-167.5 -22.5 0.000035433035991
-167.5 -17.5 0.000008858258998
-167.5 -12.5 0.000008858258998
-167.5 -7.5 0.000008858258998
-167.5 -2.5 0.000035433035991
-167.5 2.5 0.000053149553987
-167.5 7.5 0.000088582589978
-167.5 12.5 0.000186023438953
-167.5 17.5 0.000336613841916
-167.5 22.5 0.000655511165835
-167.5 27.5 0.001116140633720
-167.5 32.5 0.003676177484077
-167.5 37.5 0.014633843864327
-167.5 42.5 0.044326728024874
-167.5 47.5 0.082656414708253
-167.5 52.5 0.113979218524391
-167.5 57.5 0.146391588197256
-167.5 62.5 0.167881724525862
-167.5 67.5 0.162867949933120
-167.5 72.5 0.125627829106467
-167.5 77.5 0.089840462755450
-167.5 82.5 0.049429085207593
-167.5 87.5 0.020639743464819
-167.5 92.5 0.009779517933545
-167.5 97.5 0.004783459858799
-167.5 102.5 0.002675194217329
-167.5 107.5 0.001877950907529
-167.5 112.5 0.001745077022562
-167.5 117.5 0.001860234389533
-167.5 122.5 0.002533462073364
-167.5 127.5 0.004703735527819
-167.5 132.5 0.010178139588445
-167.5 137.5 0.017619077146578
-167.5 142.5 0.032589534852820
-167.5 147.5 0.047214520458149
-167.5 152.5 0.053007821842695
-167.5 157.5 0.051174162230155
-167.5 162.5 0.044539326240821
-167.5 167.5 0.034432052724358
-167.5 172.5 0.022836591696268
-167.5 177.5 0.013925183144505
-162.5 -177.5 0.007556094925103
-162.5 -172.5 0.001789368317551
-162.5 -167.5 0.000637794647840
-162.5 -162.5 0.000186023438953
-162.5 -132.5 0.000008858258998
-162.5 -127.5 0.000070866071982
-162.5 -122.5 0.000124015625969
-162.5 -117.5 0.000203739956949
-162.5 -112.5 0.000283464287929
-162.5 -107.5 0.000398621654900
-162.5 -102.5 0.000575786834855
-162.5 -97.5 0.000744093755813
-162.5 -92.5 0.001080707597729
-162.5 -87.5 0.002055116087484
-162.5 -82.5 0.004579719901850
-162.5 -77.5 0.007458654076128
-162.5 -72.5 0.008167314795950
-162.5 -67.5 0.006608261212341
-162.5 -62.5 0.003614169671093
-162.5 -57.5 0.001736218763564
-162.5 -52.5 0.000859251122784
-162.5 -47.5 0.000655511165835
-162.5 -42.5 0.000407479913898
-162.5 -37.5 0.000318897323920
-162.5 -32.5 0.000203739956949
-162.5 -27.5 0.000097440848976
-162.5 -22.5 0.000035433035991
-162.5 -2.5 0.000008858258998
-162.5 2.5 0.000035433035991
-162.5 7.5 0.000088582589978
-162.5 12.5 0.000203739956949
-162.5 17.5 0.000380905136904
-162.5 22.5 0.000682085942829
-162.5 27.5 0.001266731036682
-162.5 32.5 0.003499012304122
-162.5 37.5 0.012871050323769
-162.5 42.5 0.032049181053956
-162.5 47.5 0.057304077456617
-162.5 52.5 0.084197751773866
-162.5 57.5 0.098397540947302
-162.5 62.5 0.106582572261248
-162.5 67.5 0.106866036549177
-162.5 72.5 0.093817821045452
-162.5 77.5 0.062308993790360
-162.5 82.5 0.031260796003154
-162.5 87.5 0.012091523531965
-162.5 92.5 0.004650585973833
-162.5 97.5 0.002409446447395
-162.5 102.5 0.001621061396593
-162.5 107.5 0.001160431928709
-162.5 112.5 0.001027558043742
-162.5 117.5 0.001080707597729
-162.5 122.5 0.001514762288620
-162.5 127.5 0.002365155152406
-162.5 132.5 0.004854325930782
-162.5 137.5 0.009097431990717
-162.5 142.5 0.014704709936309
-162.5 147.5 0.021879899724508
-162.5 152.5 0.030109222333443
-162.5 157.5 0.035264729070149
-162.5 162.5 0.036035397602955
-162.5 167.5 0.032908432176740
-162.5 172.5 0.024900566042750
-162.5 177.5 0.016086598339962
-157.5 -177.5 0.007077748939223
-157.5 -172.5 0.001860234389533
-157.5 -167.5 0.000655511165835
-157.5 -162.5 0.000194881697951
-157.5 -132.5 0.000008858258998
-157.5 -127.5 0.000044291294989
-157.5 -122.5 0.000106299107973
-157.5 -117.5 0.000186023438953
-157.5 -112.5 0.000230314733942
-157.5 -107.5 0.000327755582918
-157.5 -102.5 0.000416338172895
-157.5 -97.5 0.000575786834855
-157.5 -92.5 0.000682085942829
-157.5 -87.5 0.000894684158775
-157.5 -82.5 0.001700785727573
-157.5 -77.5 0.002843501138286
-157.5 -72.5 0.003516728822117
-157.5 -67.5 0.003091532390224
-157.5 -62.5 0.001939958720513
-157.5 -57.5 0.001116140633720
-157.5 -52.5 0.000744093755813
-157.5 -47.5 0.000558070316860
-157.5 -42.5 0.000398621654900
-157.5 -37.5 0.000301180805924
-157.5 -32.5 0.000186023438953
-157.5 -27.5 0.000088582589978
-157.5 -22.5 0.000008858258998
-157.5 -2.5 0.000008858258998
-157.5 2.5 0.000035433035991
-157.5 7.5 0.000088582589978
-157.5 12.5 0.000212598215947
-157.5 17.5 0.000425196431893
-157.5 22.5 0.000744093755813
-157.5 27.5 0.001621061396593
-157.5 32.5 0.004491137311873
-157.5 37.5 0.012436995632878
-157.5 42.5 0.024059031437961
-157.5 47.5 0.044415310614852
-157.5 52.5 0.059226319659134
-157.5 57.5 0.073284376688606
-157.5 62.5 0.080317834332840
-157.5 67.5 0.074949729380188
-157.5 72.5 0.060058996004925
-157.5 77.5 0.040464527101843
-157.5 82.5 0.016343487850898
-157.5 87.5 0.005084640664724
-157.5 92.5 0.001966533497506
-157.5 97.5 0.001319880590669
-157.5 102.5 0.000859251122784
-157.5 107.5 0.000708660719822
-157.5 112.5 0.000673227683831
-157.5 117.5 0.000673227683831
-157.5 122.5 0.000779526791804
-157.5 127.5 0.001080707597729
-157.5 132.5 0.001877950907529
-157.5 137.5 0.003410429714144
-157.5 142.5 0.006315938665415
-157.5 147.5 0.010000974408490
-157.5 152.5 0.014146639619449
-157.5 157.5 0.017769667549540
-157.5 162.5 0.021862183206513
-157.5 167.5 0.023013756876224
-157.5 172.5 0.019877933191011
-157.5 177.5 0.014447820425374
-152.5 -177.5 0.004677160750826
-152.5 -172.5 0.001576770101604
-152.5 -167.5 0.000620078129844
-152.5 -162.5 0.000186023438953
-152.5 -132.5 0.000008858258998
-152.5 -127.5 0.000035433035991
-152.5 -122.5 0.000088582589978
-152.5 -117.5 0.000159448661960
-152.5 -112.5 0.000203739956949
-152.5 -107.5 0.000248031251938
-152.5 -102.5 0.000318897323920
-152.5 -97.5 0.000372046877907
-152.5 -92.5 0.000425196431893
-152.5 -87.5 0.000566928575858
-152.5 -82.5 0.000690944201827
-152.5 -77.5 0.000912400676771
-152.5 -72.5 0.001213581482695
-152.5 -67.5 0.001178148446704
-152.5 -62.5 0.000894684158775
-152.5 -57.5 0.000744093755813
-152.5 -52.5 0.000655511165835
-152.5 -47.5 0.000478345985880
-152.5 -42.5 0.000345472100913
-152.5 -37.5 0.000265747769933
-152.5 -32.5 0.000168306920958
-152.5 -27.5 0.000053149553987
-152.5 -22.5 0.000008858258998
-152.5 2.5 0.000035433035991
-152.5 7.5 0.000088582589978
-152.5 12.5 0.000212598215947
-152.5 17.5 0.000434054690891
-152.5 22.5 0.000832676345791
-152.5 27.5 0.001957675238509
-152.5 32.5 0.005731293571561
-152.5 37.5 0.012826759028780
-152.5 42.5 0.020852341680766
-152.5 47.5 0.034343470134380
-152.5 52.5 0.045708616428527
-152.5 57.5 0.050722391021269
-152.5 62.5 0.050536367582315
-152.5 67.5 0.045744049464518
-152.5 72.5 0.035379886437120
-152.5 77.5 0.019426161982124
-152.5 82.5 0.008193889572943
-152.5 87.5 0.002117123900469
-152.5 92.5 0.001080707597729
-152.5 97.5 0.000788385050802
-152.5 102.5 0.000655511165835
-152.5 107.5 0.000487204244878
-152.5 112.5 0.000380905136904
-152.5 117.5 0.000345472100913
-152.5 122.5 0.000425196431893
-152.5 127.5 0.000628936388842
-152.5 132.5 0.000779526791804
-152.5 137.5 0.001169290187707
-152.5 142.5 0.001815943094544
-152.5 147.5 0.002914367210268
-152.5 152.5 0.004677160750826
-152.5 157.5 0.007830700954034
-152.5 162.5 0.011409437589136
-152.5 167.5 0.013650577115574
-152.5 172.5 0.013420262381632
-152.5 177.5 0.010000974408490
-147.5 -177.5 0.002427162965391
-147.5 -172.5 0.001054132820735
-147.5 -167.5 0.000504920762873
-147.5 -162.5 0.000177165179956
-147.5 -157.5 0.000008858258998
-147.5 -127.5 0.000008858258998
-147.5 -122.5 0.000035433035991
-147.5 -117.5 0.000088582589978
-147.5 -112.5 0.000132873884967
-147.5 -107.5 0.000186023438953
-147.5 -102.5 0.000203739956949
-147.5 -97.5 0.000230314733942
-147.5 -92.5 0.000283464287929
-147.5 -87.5 0.000318897323920
-147.5 -82.5 0.000345472100913
-147.5 -77.5 0.000460629467884
-147.5 -72.5 0.000584645093853
-147.5 -67.5 0.000655511165835
-147.5 -62.5 0.000655511165835
-147.5 -57.5 0.000558070316860
-147.5 -52.5 0.000478345985880
-147.5 -47.5 0.000380905136904
-147.5 -42.5 0.000318897323920
-147.5 -37.5 0.000212598215947
-147.5 -32.5 0.000097440848976
-147.5 -27.5 0.000035433035991
-147.5 2.5 0.000008858258998
-147.5 7.5 0.000070866071982
-147.5 12.5 0.000186023438953
-147.5 17.5 0.000398621654900
-147.5 22.5 0.000832676345791
-147.5 27.5 0.002028541310491
-147.5 32.5 0.005731293571561
-147.5 37.5 0.011905500093012
-147.5 42.5 0.017335612858649
-147.5 47.5 0.024696826085801
-147.5 52.5 0.030498985729345
-147.5 57.5 0.031260796003154
-147.5 62.5 0.027620051555067
-147.5 67.5 0.022039348386468
-147.5 72.5 0.015670260167067
-147.5 77.5 0.008929125069759
-147.5 82.5 0.003153540203208
-147.5 87.5 0.001187006705702
-147.5 92.5 0.000744093755813
-147.5 97.5 0.000540353798864
-147.5 102.5 0.000380905136904
-147.5 107.5 0.000283464287929
-147.5 112.5 0.000186023438953
-147.5 117.5 0.000168306920958
-147.5 122.5 0.000212598215947
-147.5 127.5 0.000301180805924
-147.5 132.5 0.000389763395902
-147.5 137.5 0.000575786834855
-147.5 142.5 0.000744093755813
-147.5 147.5 0.001045274561738
-147.5 152.5 0.001638777914589
-147.5 157.5 0.002462596001382
-147.5 162.5 0.004207673023944
-147.5 167.5 0.006333655183410
-147.5 172.5 0.006714560320315
-147.5 177.5 0.004925192002764
-142.5 -177.5 0.001479329252629
-142.5 -172.5 0.000797243309800
-142.5 -167.5 0.000460629467884
-142.5 -162.5 0.000186023438953
-142.5 -157.5 0.000008858258998
-142.5 -122.5 0.000008858258998
-142.5 -117.5 0.000035433035991
-142.5 -112.5 0.000088582589978
-142.5 -107.5 0.000088582589978
-142.5 -102.5 0.000097440848976
-142.5 -97.5 0.000106299107973
-142.5 -92.5 0.000106299107973
-142.5 -87.5 0.000159448661960
-142.5 -82.5 0.000186023438953
-142.5 -77.5 0.000256889510936
-142.5 -72.5 0.000327755582918
-142.5 -67.5 0.000372046877907
-142.5 -62.5 0.000398621654900
-142.5 -57.5 0.000389763395902
-142.5 -52.5 0.000345472100913
-142.5 -47.5 0.000318897323920
-142.5 -42.5 0.000230314733942
-142.5 -37.5 0.000159448661960
-142.5 -32.5 0.000053149553987
-142.5 -27.5 0.000008858258998
-142.5 2.5 0.000008858258998
-142.5 7.5 0.000035433035991
-142.5 12.5 0.000124015625969
-142.5 17.5 0.000336613841916
-142.5 22.5 0.000744093755813
-142.5 27.5 0.001736218763564
-142.5 32.5 0.004216531282942
-142.5 37.5 0.008999991141741
-142.5 42.5 0.013686010151565
-142.5 47.5 0.016308054814907
-142.5 52.5 0.017565927592591
-142.5 57.5 0.016511794771856
-142.5 62.5 0.013801167518536
-142.5 67.5 0.009903533559514
-142.5 72.5 0.005935033528510
-142.5 77.5 0.003056099354233
-142.5 82.5 0.001408463180646
-142.5 87.5 0.000744093755813
-142.5 92.5 0.000487204244878
-142.5 97.5 0.000292322546927
-142.5 102.5 0.000186023438953
-142.5 107.5 0.000088582589978
-142.5 112.5 0.000044291294989
-142.5 117.5 0.000035433035991
-142.5 122.5 0.000070866071982
-142.5 127.5 0.000097440848976
-142.5 132.5 0.000186023438953
-142.5 137.5 0.000301180805924
-142.5 142.5 0.000451771208887
-142.5 147.5 0.000673227683831
-142.5 152.5 0.000832676345791
-142.5 157.5 0.001266731036682
-142.5 162.5 0.001815943094544
-142.5 167.5 0.002436021224389
-142.5 172.5 0.002728343771315
-142.5 177.5 0.002196848231449
-137.5 -177.5 0.000885825899778
-137.5 -172.5 0.000682085942829
-137.5 -167.5 0.000478345985880
-137.5 -162.5 0.000265747769933
-137.5 -157.5 0.000088582589978
-137.5 -117.5 0.000008858258998
-137.5 -112.5 0.000008858258998
-137.5 -107.5 0.000035433035991
-137.5 -102.5 0.000035433035991
-137.5 -97.5 0.000035433035991
-137.5 -92.5 0.000035433035991
-137.5 -87.5 0.000035433035991
-137.5 -82.5 0.000088582589978
-137.5 -77.5 0.000115157366971
-137.5 -72.5 0.000203739956949
-137.5 -67.5 0.000256889510936
-137.5 -62.5 0.000301180805924
-137.5 -57.5 0.000301180805924
-137.5 -52.5 0.000274606028931
-137.5 -47.5 0.000221456474944
-137.5 -42.5 0.000168306920958
-137.5 -37.5 0.000088582589978
-137.5 -32.5 0.000008858258998
-137.5 7.5 0.000026574776993
-137.5 12.5 0.000088582589978
-137.5 17.5 0.000248031251938
-137.5 22.5 0.000628936388842
-137.5 27.5 0.001133857151715
-137.5 32.5 0.002515745555369
-137.5 37.5 0.005226372808688
-137.5 42.5 0.008353338234903
-137.5 47.5 0.010550186466352
-137.5 52.5 0.010753926423301
-137.5 57.5 0.009061998954725
-137.5 62.5 0.006395662996395
-137.5 67.5 0.003578736635102
-137.5 72.5 0.002001966533498
-137.5 77.5 0.001266731036682
-137.5 82.5 0.000744093755813
-137.5 87.5 0.000487204244878
-137.5 92.5 0.000248031251938
-137.5 97.5 0.000088582589978
-137.5 102.5 0.000026574776993
-137.5 107.5 0.000008858258998
-137.5 112.5 0.000008858258998
-137.5 117.5 0.000008858258998
-137.5 122.5 0.000008858258998
-137.5 127.5 0.000035433035991
-137.5 132.5 0.000035433035991
-137.5 137.5 0.000097440848976
-137.5 142.5 0.000230314733942
-137.5 147.5 0.000398621654900
-137.5 152.5 0.000655511165835
-137.5 157.5 0.000788385050802
-137.5 162.5 0.001009841525747
-137.5 167.5 0.001293305813675
-137.5 172.5 0.001408463180646
-137.5 177.5 0.001266731036682
-132.5 -177.5 0.000823818086793
-132.5 -172.5 0.000744093755813
-132.5 -167.5 0.000673227683831
-132.5 -162.5 0.000469487726882
-132.5 -157.5 0.000265747769933
-132.5 -152.5 0.000088582589978
-132.5 -147.5 0.000008858258998
-132.5 -87.5 0.000008858258998
-132.5 -82.5 0.000035433035991
-132.5 -77.5 0.000088582589978
-132.5 -72.5 0.000150590402962
-132.5 -67.5 0.000194881697951
-132.5 -62.5 0.000212598215947
-132.5 -57.5 0.000212598215947
-132.5 -52.5 0.000186023438953
-132.5 -47.5 0.000124015625969
-132.5 -42.5 0.000088582589978
-132.5 -37.5 0.000035433035991
-132.5 7.5 0.000008858258998
-132.5 12.5 0.000035433035991
-132.5 17.5 0.000115157366971
-132.5 22.5 0.000389763395902
-132.5 27.5 0.000744093755813
-132.5 32.5 0.001426179698642
-132.5 37.5 0.002533462073364
-132.5 42.5 0.004003933066995
-132.5 47.5 0.005173223254702
-132.5 52.5 0.005314955398666
-132.5 57.5 0.004349405167908
-132.5 62.5 0.002940941987262
-132.5 67.5 0.001771651799555
-132.5 72.5 0.001089565856727
-132.5 77.5 0.000744093755813
-132.5 82.5 0.000513779021871
-132.5 87.5 0.000310039064922
-132.5 92.5 0.000097440848976
-132.5 97.5 0.000008858258998
-132.5 132.5 0.000008858258998
-132.5 137.5 0.000026574776993
-132.5 142.5 0.000088582589978
-132.5 147.5 0.000212598215947
-132.5 152.5 0.000389763395902
-132.5 157.5 0.000628936388842
-132.5 162.5 0.000726377237818
-132.5 167.5 0.000832676345791
-132.5 172.5 0.000868109381782
-132.5 177.5 0.000859251122784
-127.5 -177.5 0.001045274561738
-127.5 -172.5 0.001062991079733
-127.5 -167.5 0.000956691971760
-127.5 -162.5 0.000788385050802
-127.5 -157.5 0.000575786834855
-127.5 -152.5 0.000318897323920
-127.5 -147.5 0.000106299107973
-127.5 -142.5 0.000035433035991
-127.5 -82.5 0.000035433035991
-127.5 -77.5 0.000088582589978
-127.5 -72.5 0.000168306920958
-127.5 -67.5 0.000212598215947
-127.5 -62.5 0.000230314733942
-127.5 -57.5 0.000212598215947
-127.5 -52.5 0.000168306920958
-127.5 -47.5 0.000088582589978
-127.5 -42.5 0.000035433035991
-127.5 -37.5 0.000008858258998
-127.5 12.5 0.000008858258998
-127.5 17.5 0.000035433035991
-127.5 22.5 0.000194881697951
-127.5 27.5 0.000487204244878
-127.5 32.5 0.000788385050802
-127.5 37.5 0.001319880590669
-127.5 42.5 0.001877950907529
-127.5 47.5 0.002338580375413
-127.5 52.5 0.002462596001382
-127.5 57.5 0.002196848231449
-127.5 62.5 0.001683069209578
-127.5 67.5 0.001169290187707
-127.5 72.5 0.000832676345791
-127.5 77.5 0.000664369424833
-127.5 82.5 0.000398621654900
-127.5 87.5 0.000230314733942
-127.5 92.5 0.000088582589978
-127.5 97.5 0.000008858258998
-127.5 142.5 0.000035433035991
-127.5 147.5 0.000132873884967
-127.5 152.5 0.000327755582918
-127.5 157.5 0.000487204244878
-127.5 162.5 0.000682085942829
-127.5 167.5 0.000788385050802
-127.5 172.5 0.000832676345791
-127.5 177.5 0.000921258935769
-122.5 -177.5 0.001815943094544
-122.5 -172.5 0.002001966533498
-122.5 -167.5 0.001842517871538
-122.5 -162.5 0.001426179698642
-122.5 -157.5 0.000859251122784
-122.5 -152.5 0.000593503352851
-122.5 -147.5 0.000327755582918
-122.5 -142.5 0.000168306920958
-122.5 -137.5 0.000035433035991
-122.5 -87.5 0.000008858258998
-122.5 -82.5 0.000035433035991
-122.5 -77.5 0.000168306920958
-122.5 -72.5 0.000256889510936
-122.5 -67.5 0.000318897323920
-122.5 -62.5 0.000327755582918
-122.5 -57.5 0.000301180805924
-122.5 -52.5 0.000230314733942
-122.5 -47.5 0.000124015625969
-122.5 -42.5 0.000044291294989
-122.5 -37.5 0.000008858258998
-122.5 22.5 0.000035433035991
-122.5 27.5 0.000230314733942
-122.5 32.5 0.000487204244878
-122.5 37.5 0.000717518978820
-122.5 42.5 0.000974408489755
-122.5 47.5 0.001266731036682
-122.5 52.5 0.001426179698642
-122.5 57.5 0.001399604921649
-122.5 62.5 0.001195864964700
-122.5 67.5 0.000965550230758
-122.5 72.5 0.000788385050802
-122.5 77.5 0.000655511165835
-122.5 82.5 0.000398621654900
-122.5 87.5 0.000248031251938
-122.5 92.5 0.000097440848976
-122.5 97.5 0.000035433035991
-122.5 102.5 0.000008858258998
-122.5 142.5 0.000035433035991
-122.5 147.5 0.000177165179956
-122.5 152.5 0.000354330359911
-122.5 157.5 0.000611219870847
-122.5 162.5 0.000744093755813
-122.5 167.5 0.000859251122784
-122.5 172.5 0.001080707597729
-122.5 177.5 0.001505904029622
-117.5 -177.5 0.003463579268131
-117.5 -172.5 0.004083657397975
-117.5 -167.5 0.003623027930091
-117.5 -162.5 0.002515745555369
-117.5 -157.5 0.001514762288620
-117.5 -152.5 0.000797243309800
-117.5 -147.5 0.000522637280869
-117.5 -142.5 0.000327755582918
-117.5 -137.5 0.000141732143964
-117.5 -132.5 0.000026574776993
-117.5 -87.5 0.000008858258998
-117.5 -82.5 0.000115157366971
-117.5 -77.5 0.000292322546927
-117.5 -72.5 0.000398621654900
-117.5 -67.5 0.000487204244878
-117.5 -62.5 0.000487204244878
-117.5 -57.5 0.000407479913898
-117.5 -52.5 0.000336613841916
-117.5 -47.5 0.000230314733942
-117.5 -42.5 0.000097440848976
-117.5 -37.5 0.000035433035991
-117.5 -32.5 0.000008858258998
-117.5 27.5 0.000035433035991
-117.5 32.5 0.000256889510936
-117.5 37.5 0.000434054690891
-117.5 42.5 0.000673227683831
-117.5 47.5 0.000832676345791
-117.5 52.5 0.001080707597729
-117.5 57.5 0.001337597108664
-117.5 62.5 0.001408463180646
-117.5 67.5 0.001204723223698
-117.5 72.5 0.000868109381782
-117.5 77.5 0.000682085942829
-117.5 82.5 0.000487204244878
-117.5 87.5 0.000318897323920
-117.5 92.5 0.000203739956949
-117.5 97.5 0.000088582589978
-117.5 102.5 0.000035433035991
-117.5 107.5 0.000035433035991
-117.5 112.5 0.000008858258998
-117.5 117.5 0.000008858258998
-117.5 122.5 0.000008858258998
-117.5 137.5 0.000008858258998
-117.5 142.5 0.000088582589978
-117.5 147.5 0.000256889510936
-117.5 152.5 0.000442912949889
-117.5 157.5 0.000682085942829
-117.5 162.5 0.000832676345791
-117.5 167.5 0.001195864964700
-117.5 172.5 0.001691927468575
-117.5 177.5 0.002409446447395
-112.5 -177.5 0.007060032421228
-112.5 -172.5 0.008193889572943
-112.5 -167.5 0.007299205414168
-112.5 -162.5 0.004721452045815
-112.5 -157.5 0.002382871670402
-112.5 -152.5 0.001160431928709
-112.5 -147.5 0.000682085942829
-112.5 -142.5 0.000451771208887
-112.5 -137.5 0.000256889510936
-112.5 -132.5 0.000079724330980
-112.5 -87.5 0.000053149553987
-112.5 -82.5 0.000265747769933
-112.5 -77.5 0.000451771208887
-112.5 -72.5 0.000673227683831
-112.5 -67.5 0.000744093755813
-112.5 -62.5 0.000744093755813
-112.5 -57.5 0.000673227683831
-112.5 -52.5 0.000487204244878
-112.5 -47.5 0.000336613841916
-112.5 -42.5 0.000186023438953
-112.5 -37.5 0.000053149553987
-112.5 -32.5 0.000008858258998
-112.5 32.5 0.000053149553987
-112.5 37.5 0.000274606028931
-112.5 42.5 0.000575786834855
-112.5 47.5 0.000859251122784
-112.5 52.5 0.001665352691582
-112.5 57.5 0.002489170778375
-112.5 62.5 0.002958658505257
-112.5 67.5 0.002409446447395
-112.5 72.5 0.001656494432584
-112.5 77.5 0.000876967640780
-112.5 82.5 0.000655511165835
-112.5 87.5 0.000398621654900
-112.5 92.5 0.000301180805924
-112.5 97.5 0.000203739956949
-112.5 102.5 0.000106299107973
-112.5 107.5 0.000088582589978
-112.5 112.5 0.000070866071982
-112.5 117.5 0.000053149553987
-112.5 122.5 0.000035433035991
-112.5 127.5 0.000026574776993
-112.5 132.5 0.000008858258998
-112.5 137.5 0.000035433035991
-112.5 142.5 0.000106299107973
-112.5 147.5 0.000327755582918
-112.5 152.5 0.000549212057862
-112.5 157.5 0.000788385050802
-112.5 162.5 0.001160431928709
-112.5 167.5 0.001745077022562
-112.5 172.5 0.002675194217329
-112.5 177.5 0.004624011196839
-107.5 -177.5 0.013420262381632
-107.5 -172.5 0.013854317072523
-107.5 -167.5 0.012073807013969
-107.5 -162.5 0.007839559213032
-107.5 -157.5 0.003844484405035
-107.5 -152.5 0.001745077022562
-107.5 -147.5 0.000832676345791
-107.5 -142.5 0.000593503352851
-107.5 -137.5 0.000336613841916
-107.5 -132.5 0.000106299107973
-107.5 -127.5 0.000008858258998
-107.5 -92.5 0.000008858258998
-107.5 -87.5 0.000212598215947
-107.5 -82.5 0.000487204244878
-107.5 -77.5 0.000832676345791
-107.5 -72.5 0.001567911842606
-107.5 -67.5 0.001877950907529
-107.5 -62.5 0.001700785727573
-107.5 -57.5 0.001062991079733
-107.5 -52.5 0.000682085942829
-107.5 -47.5 0.000425196431893
-107.5 -42.5 0.000274606028931
-107.5 -37.5 0.000097440848976
-107.5 -32.5 0.000026574776993
-107.5 -27.5 0.000008858258998
-107.5 32.5 0.000008858258998
-107.5 37.5 0.000221456474944
-107.5 42.5 0.000682085942829
-107.5 47.5 0.001789368317551
-107.5 52.5 0.004624011196839
-107.5 57.5 0.007609244479090
-107.5 62.5 0.008344479975906
-107.5 67.5 0.006803142910292
-107.5 72.5 0.003844484405035
-107.5 77.5 0.001780510058553
-107.5 82.5 0.000832676345791
-107.5 87.5 0.000628936388842
-107.5 92.5 0.000407479913898
-107.5 97.5 0.000327755582918
-107.5 102.5 0.000230314733942
-107.5 107.5 0.000186023438953
-107.5 112.5 0.000132873884967
-107.5 117.5 0.000106299107973
-107.5 122.5 0.000088582589978
-107.5 127.5 0.000053149553987
-107.5 132.5 0.000035433035991
-107.5 137.5 0.000088582589978
-107.5 142.5 0.000186023438953
-107.5 147.5 0.000363188618909
-107.5 152.5 0.000673227683831
-107.5 157.5 0.001009841525747
-107.5 162.5 0.001815943094544
-107.5 167.5 0.003206689757195
-107.5 172.5 0.005935033528510
-107.5 177.5 0.010036407444481
-102.5 -177.5 0.020010807075977
-102.5 -172.5 0.019231280284173
-102.5 -167.5 0.015590535836087
-102.5 -162.5 0.010683060351319
-102.5 -157.5 0.005235231067686
-102.5 -152.5 0.002285430821426
-102.5 -147.5 0.001045274561738
-102.5 -142.5 0.000673227683831
-102.5 -137.5 0.000372046877907
-102.5 -132.5 0.000186023438953
-102.5 -127.5 0.000035433035991
-102.5 -97.5 0.000035433035991
-102.5 -92.5 0.000212598215947
-102.5 -87.5 0.000522637280869
-102.5 -82.5 0.001027558043742
-102.5 -77.5 0.003038382836237
-102.5 -72.5 0.006625977730337
-102.5 -67.5 0.007768693141050
-102.5 -62.5 0.005731293571561
-102.5 -57.5 0.002666335958331
-102.5 -52.5 0.001089565856727
-102.5 -47.5 0.000646652906838
-102.5 -42.5 0.000327755582918
-102.5 -37.5 0.000168306920958
-102.5 -32.5 0.000053149553987
-102.5 -27.5 0.000035433035991
-102.5 -22.5 0.000008858258998
-102.5 37.5 0.000283464287929
-102.5 42.5 0.001257872777684
-102.5 47.5 0.005952750046506
-102.5 52.5 0.013854317072523
-102.5 57.5 0.017982265765486
-102.5 62.5 0.018876949924262
-102.5 67.5 0.015342504584149
-102.5 72.5 0.009628927530583
-102.5 77.5 0.003950783513008
-102.5 82.5 0.001603344878598
-102.5 87.5 0.000797243309800
-102.5 92.5 0.000655511165835
-102.5 97.5 0.000478345985880
-102.5 102.5 0.000345472100913
-102.5 107.5 0.000301180805924
-102.5 112.5 0.000230314733942
-102.5 117.5 0.000186023438953
-102.5 122.5 0.000168306920958
-102.5 127.5 0.000097440848976
-102.5 132.5 0.000097440848976
-102.5 137.5 0.000168306920958
-102.5 142.5 0.000230314733942
-102.5 147.5 0.000407479913898
-102.5 152.5 0.000788385050802
-102.5 157.5 0.001753935281560
-102.5 162.5 0.003693894002073
-102.5 167.5 0.007423221040137
-102.5 172.5 0.012862192064772
-102.5 177.5 0.017052148570720
-97.5 -177.5 0.031756858507029
-97.5 -172.5 0.026893674317250
-97.5 -167.5 0.018788367334284
-97.5 -162.5 0.012436995632878
-97.5 -157.5 0.006209639557441
-97.5 -152.5 0.002533462073364
-97.5 -147.5 0.001169290187707
-97.5 -142.5 0.000682085942829
-97.5 -137.5 0.000398621654900
-97.5 -132.5 0.000203739956949
-97.5 -127.5 0.000053149553987
-97.5 -122.5 0.000008858258998
-97.5 -112.5 0.000008858258998
-97.5 -107.5 0.000026574776993
-97.5 -102.5 0.000070866071982
-97.5 -97.5 0.000186023438953
-97.5 -92.5 0.000451771208887
-97.5 -87.5 0.000859251122784
-97.5 -82.5 0.002772635066304
-97.5 -77.5 0.010062982221474
-97.5 -72.5 0.016538369548849
-97.5 -67.5 0.017849391880520
-97.5 -62.5 0.013872033590518
-97.5 -57.5 0.006705702061317
-97.5 -52.5 0.002143698677462
-97.5 -47.5 0.000832676345791
-97.5 -42.5 0.000451771208887
-97.5 -37.5 0.000230314733942
-97.5 -32.5 0.000106299107973
-97.5 -27.5 0.000088582589978
-97.5 -22.5 0.000053149553987
-97.5 -17.5 0.000035433035991
-97.5 -12.5 0.000008858258998
-97.5 37.5 0.000372046877907
-97.5 42.5 0.004057082620982
-97.5 47.5 0.016981282498738
-97.5 52.5 0.033439927716607
-97.5 57.5 0.044273578470887
-97.5 62.5 0.044459601909841
-97.5 67.5 0.033652525932553
-97.5 72.5 0.018451753492369
-97.5 77.5 0.009124006767710
-97.5 82.5 0.003206689757195
-97.5 87.5 0.001452754475635
-97.5 92.5 0.000832676345791
-97.5 97.5 0.000682085942829
-97.5 102.5 0.000558070316860
-97.5 107.5 0.000425196431893
-97.5 112.5 0.000336613841916
-97.5 117.5 0.000283464287929
-97.5 122.5 0.000230314733942
-97.5 127.5 0.000194881697951
-97.5 132.5 0.000203739956949
-97.5 137.5 0.000256889510936
-97.5 142.5 0.000336613841916
-97.5 147.5 0.000611219870847
-97.5 152.5 0.001523620547618
-97.5 157.5 0.004854325930782
-97.5 162.5 0.010346446509403
-97.5 167.5 0.016343487850898
-97.5 172.5 0.024661393049810
-97.5 177.5 0.031065914305202
-92.5 -177.5 0.046993063983205
-92.5 -172.5 0.036628900955806
-92.5 -167.5 0.023093481207204
-92.5 -162.5 0.013765734482545
-92.5 -157.5 0.006608261212341
-92.5 -152.5 0.002400588188397
-92.5 -147.5 0.001080707597729
-92.5 -142.5 0.000673227683831
-92.5 -137.5 0.000389763395902
-92.5 -132.5 0.000203739956949
-92.5 -127.5 0.000088582589978
-92.5 -122.5 0.000035433035991
-92.5 -117.5 0.000026574776993
-92.5 -112.5 0.000035433035991
-92.5 -107.5 0.000097440848976
-92.5 -102.5 0.000186023438953
-92.5 -97.5 0.000336613841916
-92.5 -92.5 0.000673227683831
-92.5 -87.5 0.001488187511626
-92.5 -82.5 0.006067907413477
-92.5 -77.5 0.016591519102836
-92.5 -72.5 0.027673201109054
-92.5 -67.5 0.030215521441416
-92.5 -62.5 0.022048206645466
-92.5 -57.5 0.011843492280027
-92.5 -52.5 0.003649602707084
-92.5 -47.5 0.001328738849666
-92.5 -42.5 0.000682085942829
-92.5 -37.5 0.000398621654900
-92.5 -32.5 0.000256889510936
-92.5 -27.5 0.000186023438953
-92.5 -22.5 0.000115157366971
-92.5 -17.5 0.000088582589978
-92.5 -12.5 0.000035433035991
-92.5 -7.5 0.000008858258998
-92.5 27.5 0.000035433035991
-92.5 32.5 0.000168306920958
-92.5 37.5 0.001408463180646
-92.5 42.5 0.014199789173436
-92.5 47.5 0.037594451186564
-92.5 52.5 0.056090495973921
-92.5 57.5 0.068571782901788
-92.5 62.5 0.067437925750073
-92.5 67.5 0.053291286130624
-92.5 72.5 0.033918273702487
-92.5 77.5 0.016139747893949
-92.5 82.5 0.006953733313255
-92.5 87.5 0.002994091541248
-92.5 92.5 0.001736218763564
-92.5 97.5 0.001071849338731
-92.5 102.5 0.000779526791804
-92.5 107.5 0.000673227683831
-92.5 112.5 0.000504920762873
-92.5 117.5 0.000398621654900
-92.5 122.5 0.000336613841916
-92.5 127.5 0.000318897323920
-92.5 132.5 0.000336613841916
-92.5 137.5 0.000398621654900
-92.5 142.5 0.000549212057862
-92.5 147.5 0.001000983266749
-92.5 152.5 0.005456687542630
-92.5 157.5 0.014837583821276
-92.5 162.5 0.024856274747761
-92.5 167.5 0.039791299418012
-92.5 172.5 0.049305069581624
-92.5 177.5 0.051670224734031
-87.5 -177.5 0.060741081947754
-87.5 -172.5 0.045912356385476
-87.5 -167.5 0.027620051555067
-87.5 -162.5 0.015218488958180
-87.5 -157.5 0.006882867241272
-87.5 -152.5 0.002196848231449
-87.5 -147.5 0.000921258935769
-87.5 -142.5 0.000655511165835
-87.5 -137.5 0.000380905136904
-87.5 -132.5 0.000212598215947
-87.5 -127.5 0.000097440848976
-87.5 -122.5 0.000070866071982
-87.5 -117.5 0.000070866071982
-87.5 -112.5 0.000097440848976
-87.5 -107.5 0.000203739956949
-87.5 -102.5 0.000301180805924
-87.5 -97.5 0.000425196431893
-87.5 -92.5 0.000744093755813
-87.5 -87.5 0.001789368317551
-87.5 -82.5 0.007591527961095
-87.5 -77.5 0.019009823809229
-87.5 -72.5 0.032252921010905
-87.5 -67.5 0.036123980192933
-87.5 -62.5 0.027752925440034
-87.5 -57.5 0.015289355030162
-87.5 -52.5 0.006333655183410
-87.5 -47.5 0.002090549123475
-87.5 -42.5 0.000912400676771
-87.5 -37.5 0.000655511165835
-87.5 -32.5 0.000407479913898
-87.5 -27.5 0.000310039064922
-87.5 -22.5 0.000212598215947
-87.5 -17.5 0.000168306920958
-87.5 -12.5 0.000088582589978
-87.5 -7.5 0.000035433035991
-87.5 22.5 0.000035433035991
-87.5 27.5 0.000203739956949
-87.5 32.5 0.000655511165835
-87.5 37.5 0.004499995570871
-87.5 42.5 0.022181080530433
-87.5 47.5 0.048809007077749
-87.5 52.5 0.070928079795197
-87.5 57.5 0.086926095545182
-87.5 62.5 0.087475307603044
-87.5 67.5 0.068731231563748
-87.5 72.5 0.046346411076367
-87.5 77.5 0.024395645279877
-87.5 82.5 0.012906483359760
-87.5 87.5 0.006661410766328
-87.5 92.5 0.003782476592051
-87.5 97.5 0.002143698677462
-87.5 102.5 0.001266731036682
-87.5 107.5 0.000832676345791
-87.5 112.5 0.000708660719822
-87.5 117.5 0.000655511165835
-87.5 122.5 0.000558070316860
-87.5 127.5 0.000602361611849
-87.5 132.5 0.000673227683831
-87.5 137.5 0.000699802460824
-87.5 142.5 0.001027558043742
-87.5 147.5 0.004499995570871
-87.5 152.5 0.017769667549540
-87.5 157.5 0.041394644296610
-87.5 162.5 0.059846397788979
-87.5 167.5 0.079812913569967
-87.5 172.5 0.085012711601662
-87.5 177.5 0.077385750604576
-82.5 -177.5 0.083090469399144
-82.5 -172.5 0.055346402218108
-82.5 -167.5 0.033262762536651
-82.5 -162.5 0.017158447678693
-82.5 -157.5 0.007999007874992
-82.5 -152.5 0.002312005598420
-82.5 -147.5 0.000965550230758
-82.5 -142.5 0.000673227683831
-82.5 -137.5 0.000407479913898
-82.5 -132.5 0.000274606028931
-82.5 -127.5 0.000168306920958
-82.5 -122.5 0.000097440848976
-82.5 -117.5 0.000106299107973
-82.5 -112.5 0.000186023438953
-82.5 -107.5 0.000274606028931
-82.5 -102.5 0.000336613841916
-82.5 -97.5 0.000487204244878
-82.5 -92.5 0.000779526791804
-82.5 -87.5 0.001745077022562
-82.5 -82.5 0.006245072593432
-82.5 -77.5 0.015581677577089
-82.5 -72.5 0.026114147525445
-82.5 -67.5 0.030986189974222
-82.5 -62.5 0.025724384129543
-82.5 -57.5 0.016573802584840
-82.5 -52.5 0.009292313688668
-82.5 -47.5 0.003782476592051
-82.5 -42.5 0.001700785727573
-82.5 -37.5 0.000859251122784
-82.5 -32.5 0.000673227683831
-82.5 -27.5 0.000434054690891
-82.5 -22.5 0.000301180805924
-82.5 -17.5 0.000203739956949
-82.5 -12.5 0.000106299107973
-82.5 -7.5 0.000044291294989
-82.5 -2.5 0.000008858258998
-82.5 22.5 0.000106299107973
-82.5 27.5 0.000363188618909
-82.5 32.5 0.000894684158775
-82.5 37.5 0.006209639557441
-82.5 42.5 0.021056081637715
-82.5 47.5 0.045859206831489
-82.5 52.5 0.065196786223636
-82.5 57.5 0.083019603327162
-82.5 62.5 0.087723338854981
-82.5 67.5 0.073745006156490
-82.5 72.5 0.051980263798953
-82.5 77.5 0.033112172133689
-82.5 82.5 0.018974390773237
-82.5 87.5 0.012933058136754
-82.5 92.5 0.008034440910983
-82.5 97.5 0.004154523469957
-82.5 102.5 0.002028541310491
-82.5 107.5 0.001373030144655
-82.5 112.5 0.001045274561738
-82.5 117.5 0.000868109381782
-82.5 122.5 0.000859251122784
-82.5 127.5 0.000992125007751
-82.5 132.5 0.001257872777684
-82.5 137.5 0.001647636173586
-82.5 142.5 0.003490154045124
-82.5 147.5 0.015280496771165
-82.5 152.5 0.046709599695276
-82.5 157.5 0.088192826581864
-82.5 162.5 0.122748894932190
-82.5 167.5 0.143601236612956
-82.5 172.5 0.131226248793062
-82.5 177.5 0.104181984072850
-77.5 -177.5 0.113766620308445
-77.5 -172.5 0.077819805295467
-77.5 -167.5 0.044521609722825
-77.5 -162.5 0.023598401970077
-77.5 -157.5 0.011923216611007
-77.5 -152.5 0.003773618333053
-77.5 -147.5 0.001417321439644
-77.5 -142.5 0.000788385050802
-77.5 -137.5 0.000549212057862
-77.5 -132.5 0.000336613841916
-77.5 -127.5 0.000221456474944
-77.5 -122.5 0.000168306920958
-77.5 -117.5 0.000186023438953
-77.5 -112.5 0.000230314733942
-77.5 -107.5 0.000318897323920
-77.5 -102.5 0.000380905136904
-77.5 -97.5 0.000487204244878
-77.5 -92.5 0.000699802460824
-77.5 -87.5 0.001381888403653
-77.5 -82.5 0.003410429714144
-77.5 -77.5 0.009088573731719
-77.5 -72.5 0.015776559275040
-77.5 -67.5 0.019904507968004
-77.5 -62.5 0.019275571579162
-77.5 -57.5 0.015705693203058
-77.5 -52.5 0.011409437589136
-77.5 -47.5 0.006820859428288
-77.5 -42.5 0.003463579268131
-77.5 -37.5 0.001665352691582
-77.5 -32.5 0.000832676345791
-77.5 -27.5 0.000646652906838
-77.5 -22.5 0.000363188618909
-77.5 -17.5 0.000230314733942
-77.5 -12.5 0.000168306920958
-77.5 -7.5 0.000070866071982
-77.5 -2.5 0.000008858258998
-77.5 17.5 0.000008858258998
-77.5 22.5 0.000177165179956
-77.5 27.5 0.000434054690891
-77.5 32.5 0.000992125007751
-77.5 37.5 0.004057082620982
-77.5 42.5 0.013898608367511
-77.5 47.5 0.028674184375803
-77.5 52.5 0.046869048357236
-77.5 57.5 0.059146595328154
-77.5 62.5 0.067021587577178
-77.5 67.5 0.062308993790360
-77.5 72.5 0.051546209108062
-77.5 77.5 0.040322794957879
-77.5 82.5 0.028169263612930
-77.5 87.5 0.019789350601033
-77.5 92.5 0.013827742295529
-77.5 97.5 0.007706685328066
-77.5 102.5 0.003605311412095
-77.5 107.5 0.002232281267440
-77.5 112.5 0.001824801353542
-77.5 117.5 0.001745077022562
-77.5 122.5 0.001789368317551
-77.5 127.5 0.002134840418464
-77.5 132.5 0.002763776807306
-77.5 137.5 0.004003933066995
-77.5 142.5 0.009841525746530
-77.5 147.5 0.028470444418854
-77.5 152.5 0.077412325381570
-77.5 157.5 0.142945725447121
-77.5 162.5 0.273879651693256
-77.5 167.5 0.345055762740391
-77.5 172.5 0.273392447448378
-77.5 177.5 0.175978173249829
-72.5 -177.5 0.208319676850712
-72.5 -172.5 0.117805986411431
-72.5 -167.5 0.074878863308205
-72.5 -162.5 0.043166296096165
-72.5 -157.5 0.019629901939073
-72.5 -152.5 0.008105306982966
-72.5 -147.5 0.002462596001382
-72.5 -142.5 0.001080707597729
-72.5 -137.5 0.000682085942829
-72.5 -132.5 0.000425196431893
-72.5 -127.5 0.000301180805924
-72.5 -122.5 0.000212598215947
-72.5 -117.5 0.000212598215947
-72.5 -112.5 0.000256889510936
-72.5 -107.5 0.000318897323920
-72.5 -102.5 0.000380905136904
-72.5 -97.5 0.000487204244878
-72.5 -92.5 0.000655511165835
-72.5 -87.5 0.000859251122784
-72.5 -82.5 0.001745077022562
-72.5 -77.5 0.003454721009133
-72.5 -72.5 0.007033457644235
-72.5 -67.5 0.011258847186174
-72.5 -62.5 0.013384829345640
-72.5 -57.5 0.013340538050652
-72.5 -52.5 0.011905500093012
-72.5 -47.5 0.009372038019648
-72.5 -42.5 0.006457670809379
-72.5 -37.5 0.003153540203208
-72.5 -32.5 0.001399604921649
-72.5 -27.5 0.000699802460824
-72.5 -22.5 0.000407479913898
-72.5 -17.5 0.000230314733942
-72.5 -12.5 0.000168306920958
-72.5 -7.5 0.000079724330980
-72.5 -2.5 0.000008858258998
-72.5 17.5 0.000008858258998
-72.5 22.5 0.000168306920958
-72.5 27.5 0.000398621654900
-72.5 32.5 0.000788385050802
-72.5 37.5 0.001877950907529
-72.5 42.5 0.005651569240581
-72.5 47.5 0.013305105014660
-72.5 52.5 0.022597418703328
-72.5 57.5 0.034901540451240
-72.5 62.5 0.043547201233070
-72.5 67.5 0.046541292774318
-72.5 72.5 0.045620033838549
-72.5 77.5 0.041722399879528
-72.5 82.5 0.036212562782911
-72.5 87.5 0.029001939958721
-72.5 92.5 0.020746042572793
-72.5 97.5 0.013898608367511
-72.5 102.5 0.007848417472030
-72.5 107.5 0.004925192002764
-72.5 112.5 0.003835626146037
-72.5 117.5 0.003428146232140
-72.5 122.5 0.003419287973142
-72.5 127.5 0.003941925254011
-72.5 132.5 0.005084640664724
-72.5 137.5 0.007556094925103
-72.5 142.5 0.014775576008291
-72.5 147.5 0.038967481331219
-72.5 152.5 0.091319792008079
-72.5 157.5 0.191861031632843
-72.5 162.5 0.491181603167713
-72.5 167.5 0.781289585344896
-72.5 172.5 0.721505195368902
-72.5 177.5 0.425639344843165
-67.5 -177.5 0.457989706703045
-67.5 -172.5 0.215264551904969
-67.5 -167.5 0.111383748638043
-67.5 -162.5 0.063930055186954
-67.5 -157.5 0.032492094003844
-67.5 -152.5 0.012888766841765
-67.5 -147.5 0.003986216548999
-67.5 -142.5 0.001514762288620
-67.5 -137.5 0.000797243309800
-67.5 -132.5 0.000522637280869
-67.5 -127.5 0.000336613841916
-67.5 -122.5 0.000248031251938
-67.5 -117.5 0.000230314733942
-67.5 -112.5 0.000265747769933
-67.5 -107.5 0.000318897323920
-67.5 -102.5 0.000336613841916
-67.5 -97.5 0.000407479913898
-67.5 -92.5 0.000522637280869
-67.5 -87.5 0.000682085942829
-67.5 -82.5 0.000868109381782
-67.5 -77.5 0.001399604921649
-67.5 -72.5 0.002196848231449
-67.5 -67.5 0.004003933066995
-67.5 -62.5 0.006918300277264
-67.5 -57.5 0.009265738911674
-67.5 -52.5 0.010576761243345
-67.5 -47.5 0.010178139588445
-67.5 -42.5 0.007812984436039
-67.5 -37.5 0.004402554721895
-67.5 -32.5 0.001869092648531
-67.5 -27.5 0.000797243309800
-67.5 -22.5 0.000407479913898
-67.5 -17.5 0.000230314733942
-67.5 -12.5 0.000106299107973
-67.5 -7.5 0.000044291294989
-67.5 -2.5 0.000008858258998
-67.5 22.5 0.000097440848976
-67.5 27.5 0.000301180805924
-67.5 32.5 0.000593503352851
-67.5 37.5 0.000868109381782
-67.5 42.5 0.001691927468575
-67.5 47.5 0.003543303599111
-67.5 52.5 0.008247039126930
-67.5 57.5 0.014341521317400
-67.5 62.5 0.019869074932013
-67.5 67.5 0.026796233468274
-67.5 72.5 0.032164338420927
-67.5 77.5 0.035831657646006
-67.5 82.5 0.038373977978368
-67.5 87.5 0.038143663244426
-67.5 92.5 0.033466502493600
-67.5 97.5 0.024705684344799
-67.5 102.5 0.015927149678002
-67.5 107.5 0.010319871732410
-67.5 112.5 0.007113181975215
-67.5 117.5 0.005917317010515
-67.5 122.5 0.005217514549690
-67.5 127.5 0.005500978837619
-67.5 132.5 0.006679127284324
-67.5 137.5 0.009566919717599
-67.5 142.5 0.016839550354773
-67.5 147.5 0.040854290497746
-67.5 152.5 0.086810938178210
-67.5 157.5 0.168953573864593
-67.5 162.5 0.444188539184509
-67.5 167.5 0.884054247978102
-67.5 172.5 1.000000000000000
-67.5 177.5 0.859773760065197
-62.5 -177.5 0.739354587249422
-62.5 -172.5 0.325904206787198
-62.5 -167.5 0.142423088166252
-62.5 -162.5 0.081504841038542
-62.5 -157.5 0.038710591820284
-62.5 -152.5 0.014438962166376
-62.5 -147.5 0.004473420793877
-62.5 -142.5 0.001621061396593
-62.5 -137.5 0.000832676345791
-62.5 -132.5 0.000602361611849
-62.5 -127.5 0.000372046877907
-62.5 -122.5 0.000274606028931
-62.5 -117.5 0.000230314733942
-62.5 -112.5 0.000248031251938
-62.5 -107.5 0.000283464287929
-62.5 -102.5 0.000318897323920
-62.5 -97.5 0.000336613841916
-62.5 -92.5 0.000398621654900
-62.5 -87.5 0.000487204244878
-62.5 -82.5 0.000655511165835
-62.5 -77.5 0.000726377237818
-62.5 -72.5 0.000859251122784
-62.5 -67.5 0.001399604921649
-62.5 -62.5 0.002533462073364
-62.5 -57.5 0.005146648477708
-62.5 -52.5 0.007742118364057
-62.5 -47.5 0.008583652968846
-62.5 -42.5 0.007175189788199
-62.5 -37.5 0.004313972131917
-62.5 -32.5 0.001931100461515
-62.5 -27.5 0.000797243309800
-62.5 -22.5 0.000380905136904
-62.5 -17.5 0.000186023438953
-62.5 -12.5 0.000088582589978
-62.5 -7.5 0.000035433035991
-62.5 22.5 0.000026574776993
-62.5 27.5 0.000159448661960
-62.5 32.5 0.000327755582918
-62.5 37.5 0.000504920762873
-62.5 42.5 0.000717518978820
-62.5 47.5 0.001009841525747
-62.5 52.5 0.001939958720513
-62.5 57.5 0.004251964318933
-62.5 62.5 0.008282472162921
-62.5 67.5 0.012968491172745
-62.5 72.5 0.017362187635642
-62.5 77.5 0.024953715596737
-62.5 82.5 0.034839532638255
-62.5 87.5 0.042856257031243
-62.5 92.5 0.044619050571801
-62.5 97.5 0.038347403201375
-62.5 102.5 0.024811983452772
-62.5 107.5 0.014492111720362
-62.5 112.5 0.009398612796641
-62.5 117.5 0.007051174162230
-62.5 122.5 0.005970466564501
-62.5 127.5 0.005633852722586
-62.5 132.5 0.006369088219401
-62.5 137.5 0.008822825961785
-62.5 142.5 0.015280496771165
-62.5 147.5 0.034015714551462
-62.5 152.5 0.065418242698580
-62.5 157.5 0.115547130366998
-62.5 162.5 0.248775345693557
-62.5 167.5 0.603282870784576
-62.5 172.5 0.921905588675602
-62.5 177.5 0.982106316824491
-57.5 -177.5 0.706313281187715
-57.5 -172.5 0.322130588454145
-57.5 -167.5 0.135699669586939
-57.5 -162.5 0.075924137869943
-57.5 -157.5 0.032678117442798
-57.5 -152.5 0.012826759028780
-57.5 -147.5 0.003596453153097
-57.5 -142.5 0.001399604921649
-57.5 -137.5 0.000797243309800
-57.5 -132.5 0.000575786834855
-57.5 -127.5 0.000380905136904
-57.5 -122.5 0.000283464287929
-57.5 -117.5 0.000230314733942
-57.5 -112.5 0.000221456474944
-57.5 -107.5 0.000230314733942
-57.5 -102.5 0.000256889510936
-57.5 -97.5 0.000283464287929
-57.5 -92.5 0.000301180805924
-57.5 -87.5 0.000327755582918
-57.5 -82.5 0.000354330359911
-57.5 -77.5 0.000398621654900
-57.5 -72.5 0.000451771208887
-57.5 -67.5 0.000628936388842
-57.5 -62.5 0.000876967640780
-57.5 -57.5 0.002134840418464
-57.5 -52.5 0.004083657397975
-57.5 -47.5 0.005244089326684
-57.5 -42.5 0.004650585973833
-57.5 -37.5 0.002994091541248
-57.5 -32.5 0.001505904029622
-57.5 -27.5 0.000682085942829
-57.5 -22.5 0.000301180805924
-57.5 -17.5 0.000097440848976
-57.5 -12.5 0.000035433035991
-57.5 -7.5 0.000008858258998
-57.5 27.5 0.000008858258998
-57.5 32.5 0.000097440848976
-57.5 37.5 0.000230314733942
-57.5 42.5 0.000336613841916
-57.5 47.5 0.000487204244878
-57.5 52.5 0.000682085942829
-57.5 57.5 0.001045274561738
-57.5 62.5 0.001869092648531
-57.5 67.5 0.003693894002073
-57.5 72.5 0.008105306982966
-57.5 77.5 0.015670260167067
-57.5 82.5 0.026769658691281
-57.5 87.5 0.039995039374961
-57.5 92.5 0.045496018212581
-57.5 97.5 0.041545234699572
-57.5 102.5 0.027611193296070
-57.5 107.5 0.015147622886198
-57.5 112.5 0.008778534666797
-57.5 117.5 0.006342513442408
-57.5 122.5 0.004721452045815
-57.5 127.5 0.004119090433966
-57.5 132.5 0.004358263426906
-57.5 137.5 0.006129915226461
-57.5 142.5 0.010497036912365
-57.5 147.5 0.020400570471879
-57.5 152.5 0.044787357492758
-57.5 157.5 0.083267634579100
-57.5 162.5 0.141971316957365
-57.5 167.5 0.304679818228525
-57.5 172.5 0.616924589641152
-57.5 177.5 0.798731497311518
-52.5 -177.5 0.404698420572421
-52.5 -172.5 0.198035238154293
-52.5 -167.5 0.099345374660064
-52.5 -162.5 0.048800148818751
-52.5 -157.5 0.018469470010364
-52.5 -152.5 0.007556094925103
-52.5 -147.5 0.002134840418464
-52.5 -142.5 0.000965550230758
-52.5 -137.5 0.000682085942829
-52.5 -132.5 0.000487204244878
-52.5 -127.5 0.000336613841916
-52.5 -122.5 0.000256889510936
-52.5 -117.5 0.000194881697951
-52.5 -112.5 0.000186023438953
-52.5 -107.5 0.000186023438953
-52.5 -102.5 0.000186023438953
-52.5 -97.5 0.000186023438953
-52.5 -92.5 0.000186023438953
-52.5 -87.5 0.000186023438953
-52.5 -82.5 0.000186023438953
-52.5 -77.5 0.000177165179956
-52.5 -72.5 0.000168306920958
-52.5 -67.5 0.000203739956949
-52.5 -62.5 0.000389763395902
-52.5 -57.5 0.000788385050802
-52.5 -52.5 0.001550195324611
-52.5 -47.5 0.002117123900469
-52.5 -42.5 0.002072832605480
-52.5 -37.5 0.001567911842606
-52.5 -32.5 0.000823818086793
-52.5 -27.5 0.000407479913898
-52.5 -22.5 0.000186023438953
-52.5 -17.5 0.000035433035991
-52.5 -12.5 0.000008858258998
-52.5 37.5 0.000008858258998
-52.5 42.5 0.000035433035991
-52.5 47.5 0.000097440848976
-52.5 52.5 0.000248031251938
-52.5 57.5 0.000398621654900
-52.5 62.5 0.000655511165835
-52.5 67.5 0.000921258935769
-52.5 72.5 0.002533462073364
-52.5 77.5 0.008441920824881
-52.5 82.5 0.016910416426755
-52.5 87.5 0.027345445526136
-52.5 92.5 0.034263745803400
-52.5 97.5 0.030959615197229
-52.5 102.5 0.020134822701946
-52.5 107.5 0.011152548078201
-52.5 112.5 0.005483262319624
-52.5 117.5 0.003614169671093
-52.5 122.5 0.002639761181337
-52.5 127.5 0.002276572562429
-52.5 132.5 0.002312005598420
-52.5 137.5 0.003047241095235
-52.5 142.5 0.005146648477708
-52.5 147.5 0.011072823747221
-52.5 152.5 0.021871041465510
-52.5 157.5 0.047940897695967
-52.5 162.5 0.093932978412423
-52.5 167.5 0.154133706561312
-52.5 172.5 0.285705427455288
-52.5 177.5 0.448945424266315
-47.5 -177.5 0.168723259130650
-47.5 -172.5 0.105262691670579
-47.5 -167.5 0.050483218028329
-47.5 -162.5 0.016954707721744
-47.5 -157.5 0.007768693141050
-47.5 -152.5 0.002763776807306
-47.5 -147.5 0.001062991079733
-47.5 -142.5 0.000690944201827
-47.5 -137.5 0.000575786834855
-47.5 -132.5 0.000398621654900
-47.5 -127.5 0.000318897323920
-47.5 -122.5 0.000212598215947
-47.5 -117.5 0.000168306920958
-47.5 -112.5 0.000115157366971
-47.5 -107.5 0.000106299107973
-47.5 -102.5 0.000106299107973
-47.5 -97.5 0.000097440848976
-47.5 -92.5 0.000088582589978
-47.5 -87.5 0.000070866071982
-47.5 -82.5 0.000044291294989
-47.5 -77.5 0.000035433035991
-47.5 -72.5 0.000026574776993
-47.5 -67.5 0.000035433035991
-47.5 -62.5 0.000088582589978
-47.5 -57.5 0.000327755582918
-47.5 -52.5 0.000628936388842
-47.5 -47.5 0.000779526791804
-47.5 -42.5 0.000797243309800
-47.5 -37.5 0.000682085942829
-47.5 -32.5 0.000425196431893
-47.5 -27.5 0.000230314733942
-47.5 -22.5 0.000062007812984
-47.5 52.5 0.000035433035991
-47.5 57.5 0.000168306920958
-47.5 62.5 0.000301180805924
-47.5 67.5 0.000478345985880
-47.5 72.5 0.000832676345791
-47.5 77.5 0.002763776807306
-47.5 82.5 0.008123023500961
-47.5 87.5 0.014128923101454
-47.5 92.5 0.016919274685753
-47.5 97.5 0.015590535836087
-47.5 102.5 0.010160423070450
-47.5 107.5 0.003977358290002
-47.5 112.5 0.002001966533498
-47.5 117.5 0.001567911842606
-47.5 122.5 0.001151573669711
-47.5 127.5 0.001036416302740
-47.5 132.5 0.001107282374722
-47.5 137.5 0.001452754475635
-47.5 142.5 0.002055116087484
-47.5 147.5 0.004216531282942
-47.5 152.5 0.010532469948356
-47.5 157.5 0.023049189912215
-47.5 162.5 0.053397585238597
-47.5 167.5 0.094854237348192
-47.5 172.5 0.138932934121128
-47.5 177.5 0.187476193428943
-42.5 -177.5 0.079866063123954
-42.5 -172.5 0.044760782715765
-42.5 -167.5 0.014669276900318
-42.5 -162.5 0.004207673023944
-42.5 -157.5 0.001851376130535
-42.5 -152.5 0.000894684158775
-42.5 -147.5 0.000673227683831
-42.5 -142.5 0.000487204244878
-42.5 -137.5 0.000398621654900
-42.5 -132.5 0.000327755582918
-42.5 -127.5 0.000230314733942
-42.5 -122.5 0.000168306920958
-42.5 -117.5 0.000106299107973
-42.5 -112.5 0.000088582589978
-42.5 -107.5 0.000088582589978
-42.5 -102.5 0.000044291294989
-42.5 -97.5 0.000035433035991
-42.5 -92.5 0.000008858258998
-42.5 -87.5 0.000008858258998
-42.5 -62.5 0.000008858258998
-42.5 -57.5 0.000088582589978
-42.5 -52.5 0.000230314733942
-42.5 -47.5 0.000336613841916
-42.5 -42.5 0.000345472100913
-42.5 -37.5 0.000318897323920
-42.5 -32.5 0.000203739956949
-42.5 -27.5 0.000070866071982
-42.5 57.5 0.000035433035991
-42.5 62.5 0.000106299107973
-42.5 67.5 0.000230314733942
-42.5 72.5 0.000434054690891
-42.5 77.5 0.000859251122784
-42.5 82.5 0.002099407382473
-42.5 87.5 0.004021649584991
-42.5 92.5 0.005314955398666
-42.5 97.5 0.004083657397975
-42.5 102.5 0.001948816979511
-42.5 107.5 0.000876967640780
-42.5 112.5 0.000708660719822
-42.5 117.5 0.000655511165835
-42.5 122.5 0.000575786834855
-42.5 127.5 0.000584645093853
-42.5 132.5 0.000673227683831
-42.5 137.5 0.000744093755813
-42.5 142.5 0.000947833712762
-42.5 147.5 0.001665352691582
-42.5 152.5 0.004110232174968
-42.5 157.5 0.011143689819203
-42.5 162.5 0.024555093941837
-42.5 167.5 0.051183020489153
-42.5 172.5 0.081061928088653
-42.5 177.5 0.091709555403981
-37.5 -177.5 0.023120055984197
-37.5 -172.5 0.009690935343568
-37.5 -167.5 0.002746060289311
-37.5 -162.5 0.001107282374722
-37.5 -157.5 0.000744093755813
-37.5 -152.5 0.000575786834855
-37.5 -147.5 0.000398621654900
-37.5 -142.5 0.000327755582918
-37.5 -137.5 0.000283464287929
-37.5 -132.5 0.000212598215947
-37.5 -127.5 0.000168306920958
-37.5 -122.5 0.000097440848976
-37.5 -117.5 0.000088582589978
-37.5 -112.5 0.000062007812984
-37.5 -107.5 0.000035433035991
-37.5 -102.5 0.000026574776993
-37.5 -97.5 0.000008858258998
-37.5 -57.5 0.000008858258998
-37.5 -52.5 0.000035433035991
-37.5 -47.5 0.000088582589978
-37.5 -42.5 0.000097440848976
-37.5 -37.5 0.000088582589978
-37.5 -32.5 0.000035433035991
-37.5 57.5 0.000008858258998
-37.5 62.5 0.000044291294989
-37.5 67.5 0.000097440848976
-37.5 72.5 0.000256889510936
-37.5 77.5 0.000478345985880
-37.5 82.5 0.000690944201827
-37.5 87.5 0.000859251122784
-37.5 92.5 0.000876967640780
-37.5 97.5 0.000752952014811
-37.5 102.5 0.000566928575858
-37.5 107.5 0.000363188618909
-37.5 112.5 0.000283464287929
-37.5 117.5 0.000248031251938
-37.5 122.5 0.000248031251938
-37.5 127.5 0.000301180805924
-37.5 132.5 0.000336613841916
-37.5 137.5 0.000425196431893
-37.5 142.5 0.000655511165835
-37.5 147.5 0.000797243309800
-37.5 152.5 0.001656494432584
-37.5 157.5 0.003817909628042
-37.5 162.5 0.009717510120561
-37.5 167.5 0.017902541434506
-37.5 172.5 0.029311979023643
-37.5 177.5 0.034715517012286
-32.5 -177.5 0.003676177484077
-32.5 -172.5 0.001337597108664
-32.5 -167.5 0.000744093755813
-32.5 -162.5 0.000575786834855
-32.5 -157.5 0.000398621654900
-32.5 -152.5 0.000318897323920
-32.5 -147.5 0.000212598215947
-32.5 -142.5 0.000186023438953
-32.5 -137.5 0.000168306920958
-32.5 -132.5 0.000106299107973
-32.5 -127.5 0.000088582589978
-32.5 -122.5 0.000070866071982
-32.5 -117.5 0.000044291294989
-32.5 -112.5 0.000035433035991
-32.5 -107.5 0.000008858258998
-32.5 -102.5 0.000008858258998
-32.5 -47.5 0.000008858258998
-32.5 -42.5 0.000008858258998
-32.5 57.5 0.000008858258998
-32.5 62.5 0.000035433035991
-32.5 67.5 0.000079724330980
-32.5 72.5 0.000168306920958
-32.5 77.5 0.000283464287929
-32.5 82.5 0.000398621654900
-32.5 87.5 0.000487204244878
-32.5 92.5 0.000487204244878
-32.5 97.5 0.000398621654900
-32.5 102.5 0.000301180805924
-32.5 107.5 0.000177165179956
-32.5 112.5 0.000088582589978
-32.5 117.5 0.000062007812984
-32.5 122.5 0.000088582589978
-32.5 127.5 0.000106299107973
-32.5 132.5 0.000186023438953
-32.5 137.5 0.000265747769933
-32.5 142.5 0.000363188618909
-32.5 147.5 0.000504920762873
-32.5 152.5 0.000744093755813
-32.5 157.5 0.001275589295680
-32.5 162.5 0.002205706490446
-32.5 167.5 0.004207673023944
-32.5 172.5 0.006847434205281
-32.5 177.5 0.007060032421228
-27.5 -177.5 0.000744093755813
-27.5 -172.5 0.000460629467884
-27.5 -167.5 0.000336613841916
-27.5 -162.5 0.000283464287929
-27.5 -157.5 0.000186023438953
-27.5 -152.5 0.000097440848976
-27.5 -147.5 0.000088582589978
-27.5 -142.5 0.000088582589978
-27.5 -137.5 0.000079724330980
-27.5 -132.5 0.000053149553987
-27.5 -127.5 0.000035433035991
-27.5 -122.5 0.000035433035991
-27.5 -117.5 0.000035433035991
-27.5 -112.5 0.000008858258998
-27.5 -107.5 0.000008858258998
-27.5 57.5 0.000008858258998
-27.5 62.5 0.000026574776993
-27.5 67.5 0.000035433035991
-27.5 72.5 0.000088582589978
-27.5 77.5 0.000168306920958
-27.5 82.5 0.000221456474944
-27.5 87.5 0.000274606028931
-27.5 92.5 0.000274606028931
-27.5 97.5 0.000212598215947
-27.5 102.5 0.000115157366971
-27.5 107.5 0.000053149553987
-27.5 112.5 0.000008858258998
-27.5 117.5 0.000008858258998
-27.5 122.5 0.000026574776993
-27.5 127.5 0.000053149553987
-27.5 132.5 0.000097440848976
-27.5 137.5 0.000168306920958
-27.5 142.5 0.000212598215947
-27.5 147.5 0.000318897323920
-27.5 152.5 0.000407479913898
-27.5 157.5 0.000620078129844
-27.5 162.5 0.000735235496815
-27.5 167.5 0.000921258935769
-27.5 172.5 0.001195864964700
-27.5 177.5 0.001089565856727
-22.5 -177.5 0.000336613841916
-22.5 -172.5 0.000283464287929
-22.5 -167.5 0.000186023438953
-22.5 -162.5 0.000088582589978
-22.5 -157.5 0.000035433035991
-22.5 -152.5 0.000026574776993
-22.5 -147.5 0.000008858258998
-22.5 -142.5 0.000026574776993
-22.5 -137.5 0.000026574776993
-22.5 -132.5 0.000026574776993
-22.5 -127.5 0.000008858258998
-22.5 -122.5 0.000008858258998
-22.5 -117.5 0.000008858258998
-22.5 62.5 0.000008858258998
-22.5 67.5 0.000026574776993
-22.5 72.5 0.000035433035991
-22.5 77.5 0.000053149553987
-22.5 82.5 0.000088582589978
-22.5 87.5 0.000097440848976
-22.5 92.5 0.000097440848976
-22.5 97.5 0.000079724330980
-22.5 102.5 0.000035433035991
-22.5 107.5 0.000008858258998
-22.5 127.5 0.000008858258998
-22.5 132.5 0.000035433035991
-22.5 137.5 0.000088582589978
-22.5 142.5 0.000097440848976
-22.5 147.5 0.000168306920958
-22.5 152.5 0.000248031251938
-22.5 157.5 0.000336613841916
-22.5 162.5 0.000398621654900
-22.5 167.5 0.000487204244878
-22.5 172.5 0.000487204244878
-22.5 177.5 0.000425196431893
-17.5 -177.5 0.000212598215947
-17.5 -172.5 0.000132873884967
-17.5 -167.5 0.000053149553987
-17.5 -162.5 0.000008858258998
-17.5 -132.5 0.000008858258998
-17.5 67.5 0.000008858258998
-17.5 72.5 0.000008858258998
-17.5 77.5 0.000008858258998
-17.5 82.5 0.000008858258998
-17.5 87.5 0.000008858258998
-17.5 92.5 0.000008858258998
-17.5 97.5 0.000008858258998
-17.5 132.5 0.000008858258998
-17.5 137.5 0.000035433035991
-17.5 142.5 0.000035433035991
-17.5 147.5 0.000070866071982
-17.5 152.5 0.000106299107973
-17.5 157.5 0.000203739956949
-17.5 162.5 0.000256889510936
-17.5 167.5 0.000301180805924
-17.5 172.5 0.000301180805924
-17.5 177.5 0.000265747769933
-12.5 -177.5 0.000088582589978
-12.5 -172.5 0.000035433035991
-12.5 -167.5 0.000008858258998
-12.5 137.5 0.000008858258998
-12.5 142.5 0.000008858258998
-12.5 147.5 0.000035433035991
-12.5 152.5 0.000035433035991
-12.5 157.5 0.000088582589978
-12.5 162.5 0.000106299107973
-12.5 167.5 0.000168306920958
-12.5 172.5 0.000168306920958
-12.5 177.5 0.000106299107973
-7.5 -177.5 0.000008858258998
-7.5 142.5 0.000008858258998
-7.5 147.5 0.000008858258998
-7.5 152.5 0.000026574776993
-7.5 157.5 0.000035433035991
-7.5 162.5 0.000044291294989
-7.5 167.5 0.000062007812984
-7.5 172.5 0.000053149553987
-7.5 177.5 0.000035433035991
-2.5 -177.5 0.000008858258998
-2.5 147.5 0.000008858258998
-2.5 152.5 0.000008858258998
-2.5 157.5 0.000035433035991
-2.5 162.5 0.000035433035991
-2.5 167.5 0.000035433035991
-2.5 172.5 0.000035433035991
-2.5 177.5 0.000008858258998
2.5 -177.5 0.000008858258998
2.5 142.5 0.000008858258998
2.5 147.5 0.000008858258998
2.5 152.5 0.000035433035991
2.5 157.5 0.000035433035991
2.5 162.5 0.000035433035991
2.5 167.5 0.000035433035991
2.5 172.5 0.000035433035991
2.5 177.5 0.000008858258998
7.5 -177.5 0.000008858258998
7.5 52.5 0.000008858258998
7.5 57.5 0.000008858258998
7.5 62.5 0.000008858258998
7.5 137.5 0.000008858258998
7.5 142.5 0.000008858258998
7.5 147.5 0.000035433035991
7.5 152.5 0.000035433035991
7.5 157.5 0.000035433035991
7.5 162.5 0.000035433035991
7.5 167.5 0.000035433035991
7.5 172.5 0.000035433035991
7.5 177.5 0.000008858258998
12.5 -177.5 0.000008858258998
12.5 27.5 0.000008858258998
12.5 32.5 0.000026574776993
12.5 37.5 0.000035433035991
12.5 42.5 0.000035433035991
12.5 47.5 0.000070866071982
12.5 52.5 0.000088582589978
12.5 57.5 0.000097440848976
12.5 62.5 0.000097440848976
12.5 67.5 0.000088582589978
12.5 72.5 0.000035433035991
12.5 77.5 0.000008858258998
12.5 132.5 0.000008858258998
12.5 137.5 0.000008858258998
12.5 142.5 0.000035433035991
12.5 147.5 0.000035433035991
12.5 152.5 0.000044291294989
12.5 157.5 0.000053149553987
12.5 162.5 0.000062007812984
12.5 167.5 0.000053149553987
12.5 172.5 0.000035433035991
12.5 177.5 0.000035433035991
17.5 -177.5 0.000008858258998
17.5 12.5 0.000008858258998
17.5 17.5 0.000008858258998
17.5 22.5 0.000035433035991
17.5 27.5 0.000088582589978
17.5 32.5 0.000097440848976
17.5 37.5 0.000124015625969
17.5 42.5 0.000186023438953
17.5 47.5 0.000230314733942
17.5 52.5 0.000283464287929
17.5 57.5 0.000301180805924
17.5 62.5 0.000301180805924
17.5 67.5 0.000256889510936
17.5 72.5 0.000186023438953
17.5 77.5 0.000088582589978
17.5 82.5 0.000035433035991
17.5 87.5 0.000008858258998
17.5 132.5 0.000008858258998
17.5 137.5 0.000008858258998
17.5 142.5 0.000035433035991
17.5 147.5 0.000035433035991
17.5 152.5 0.000062007812984
17.5 157.5 0.000088582589978
17.5 162.5 0.000088582589978
17.5 167.5 0.000070866071982
17.5 172.5 0.000044291294989
17.5 177.5 0.000035433035991
22.5 -177.5 0.000026574776993
22.5 -172.5 0.000008858258998
22.5 7.5 0.000008858258998
22.5 12.5 0.000035433035991
22.5 17.5 0.000070866071982
22.5 22.5 0.000106299107973
22.5 27.5 0.000168306920958
22.5 32.5 0.000212598215947
22.5 37.5 0.000256889510936
22.5 42.5 0.000318897323920
22.5 47.5 0.000372046877907
22.5 52.5 0.000434054690891
22.5 57.5 0.000487204244878
22.5 62.5 0.000504920762873
22.5 67.5 0.000469487726882
22.5 72.5 0.000336613841916
22.5 77.5 0.000230314733942
22.5 82.5 0.000097440848976
22.5 87.5 0.000035433035991
22.5 92.5 0.000008858258998
22.5 97.5 0.000008858258998
22.5 102.5 0.000008858258998
22.5 107.5 0.000008858258998
22.5 112.5 0.000008858258998
22.5 117.5 0.000008858258998
22.5 122.5 0.000008858258998
22.5 127.5 0.000008858258998
22.5 132.5 0.000008858258998
22.5 137.5 0.000035433035991
22.5 142.5 0.000035433035991
22.5 147.5 0.000070866071982
22.5 152.5 0.000088582589978
22.5 157.5 0.000088582589978
22.5 162.5 0.000088582589978
22.5 167.5 0.000088582589978
22.5 172.5 0.000070866071982
22.5 177.5 0.000035433035991
27.5 -177.5 0.000035433035991
27.5 -172.5 0.000008858258998
27.5 -2.5 0.000008858258998
27.5 2.5 0.000008858258998
27.5 7.5 0.000035433035991
27.5 12.5 0.000088582589978
27.5 17.5 0.000132873884967
27.5 22.5 0.000203739956949
27.5 27.5 0.000239172992940
27.5 32.5 0.000301180805924
27.5 37.5 0.000336613841916
27.5 42.5 0.000398621654900
27.5 47.5 0.000540353798864
27.5 52.5 0.000673227683831
27.5 57.5 0.000744093755813
27.5 62.5 0.000779526791804
27.5 67.5 0.000717518978820
27.5 72.5 0.000655511165835
27.5 77.5 0.000407479913898
27.5 82.5 0.000256889510936
27.5 87.5 0.000106299107973
27.5 92.5 0.000044291294989
27.5 97.5 0.000035433035991
27.5 102.5 0.000035433035991
27.5 107.5 0.000026574776993
27.5 112.5 0.000026574776993
27.5 117.5 0.000026574776993
27.5 122.5 0.000035433035991
27.5 127.5 0.000035433035991
27.5 132.5 0.000053149553987
27.5 137.5 0.000079724330980
27.5 142.5 0.000088582589978
27.5 147.5 0.000097440848976
27.5 152.5 0.000106299107973
27.5 157.5 0.000106299107973
27.5 162.5 0.000106299107973
27.5 167.5 0.000097440848976
27.5 172.5 0.000088582589978
27.5 177.5 0.000053149553987
32.5 -177.5 0.000053149553987
32.5 -172.5 0.000026574776993
32.5 -167.5 0.000008858258998
32.5 -7.5 0.000008858258998
32.5 -2.5 0.000026574776993
32.5 2.5 0.000035433035991
32.5 7.5 0.000088582589978
32.5 12.5 0.000124015625969
32.5 17.5 0.000203739956949
32.5 22.5 0.000256889510936
32.5 27.5 0.000310039064922
32.5 32.5 0.000336613841916
32.5 37.5 0.000398621654900
32.5 42.5 0.000531495539867
32.5 47.5 0.000682085942829
32.5 52.5 0.000868109381782
32.5 57.5 0.001187006705702
32.5 62.5 0.001373030144655
32.5 67.5 0.001266731036682
32.5 72.5 0.000965550230758
32.5 77.5 0.000717518978820
32.5 82.5 0.000487204244878
32.5 87.5 0.000301180805924
32.5 92.5 0.000168306920958
32.5 97.5 0.000088582589978
32.5 102.5 0.000062007812984
32.5 107.5 0.000062007812984
32.5 112.5 0.000053149553987
32.5 117.5 0.000070866071982
32.5 122.5 0.000088582589978
32.5 127.5 0.000132873884967
32.5 132.5 0.000186023438953
32.5 137.5 0.000203739956949
32.5 142.5 0.000212598215947
32.5 147.5 0.000212598215947
32.5 152.5 0.000203739956949
32.5 157.5 0.000186023438953
32.5 162.5 0.000177165179956
32.5 167.5 0.000168306920958
32.5 172.5 0.000106299107973
32.5 177.5 0.000088582589978
37.5 -177.5 0.000097440848976
37.5 -172.5 0.000070866071982
37.5 -167.5 0.000035433035991
37.5 -162.5 0.000008858258998
37.5 -12.5 0.000008858258998
37.5 -7.5 0.000008858258998
37.5 -2.5 0.000035433035991
37.5 2.5 0.000079724330980
37.5 7.5 0.000097440848976
37.5 12.5 0.000177165179956
37.5 17.5 0.000230314733942
37.5 22.5 0.000301180805924
37.5 27.5 0.000336613841916
37.5 32.5 0.000389763395902
37.5 37.5 0.000478345985880
37.5 42.5 0.000655511165835
37.5 47.5 0.000832676345791
37.5 52.5 0.001479329252629
37.5 57.5 0.002037399569489
37.5 62.5 0.002586611627351
37.5 67.5 0.002710627253320
37.5 72.5 0.002196848231449
37.5 77.5 0.001505904029622
37.5 82.5 0.000832676345791
37.5 87.5 0.000584645093853
37.5 92.5 0.000336613841916
37.5 97.5 0.000230314733942
37.5 102.5 0.000203739956949
37.5 107.5 0.000186023438953
37.5 112.5 0.000186023438953
37.5 117.5 0.000203739956949
37.5 122.5 0.000230314733942
37.5 127.5 0.000301180805924
37.5 132.5 0.000336613841916
37.5 137.5 0.000398621654900
37.5 142.5 0.000425196431893
37.5 147.5 0.000425196431893
37.5 152.5 0.000380905136904
37.5 157.5 0.000327755582918
37.5 162.5 0.000265747769933
37.5 167.5 0.000212598215947
37.5 172.5 0.000186023438953
37.5 177.5 0.000168306920958
42.5 -177.5 0.000203739956949
42.5 -172.5 0.000159448661960
42.5 -167.5 0.000088582589978
42.5 -162.5 0.000035433035991
42.5 -157.5 0.000008858258998
42.5 -12.5 0.000008858258998
42.5 -7.5 0.000035433035991
42.5 -2.5 0.000044291294989
42.5 2.5 0.000088582589978
42.5 7.5 0.000124015625969
42.5 12.5 0.000186023438953
42.5 17.5 0.000248031251938
42.5 22.5 0.000310039064922
42.5 27.5 0.000336613841916
42.5 32.5 0.000398621654900
42.5 37.5 0.000487204244878
42.5 42.5 0.000682085942829
42.5 47.5 0.001080707597729
42.5 52.5 0.001966533497506
42.5 57.5 0.003312988865168
42.5 62.5 0.004703735527819
42.5 67.5 0.005562986650604
42.5 72.5 0.005235231067686
42.5 77.5 0.003950783513008
42.5 82.5 0.002338580375413
42.5 87.5 0.001381888403653
42.5 92.5 0.000797243309800
42.5 97.5 0.000655511165835
42.5 102.5 0.000504920762873
42.5 107.5 0.000434054690891
42.5 112.5 0.000398621654900
42.5 117.5 0.000389763395902
42.5 122.5 0.000407479913898
42.5 127.5 0.000504920762873
42.5 132.5 0.000673227683831
42.5 137.5 0.000744093755813
42.5 142.5 0.000823818086793
42.5 147.5 0.000823818086793
42.5 152.5 0.000744093755813
42.5 157.5 0.000655511165835
42.5 162.5 0.000487204244878
42.5 167.5 0.000354330359911
42.5 172.5 0.000310039064922
42.5 177.5 0.000248031251938
47.5 -177.5 0.000327755582918
47.5 -172.5 0.000230314733942
47.5 -167.5 0.000186023438953
47.5 -162.5 0.000097440848976
47.5 -157.5 0.000035433035991
47.5 -152.5 0.000008858258998
47.5 -17.5 0.000008858258998
47.5 -12.5 0.000008858258998
47.5 -7.5 0.000035433035991
47.5 -2.5 0.000053149553987
47.5 2.5 0.000088582589978
47.5 7.5 0.000124015625969
47.5 12.5 0.000186023438953
47.5 17.5 0.000230314733942
47.5 22.5 0.000301180805924
47.5 27.5 0.000336613841916
47.5 32.5 0.000389763395902
47.5 37.5 0.000487204244878
47.5 42.5 0.000682085942829
47.5 47.5 0.001204723223698
47.5 52.5 0.002303147339422
47.5 57.5 0.004207673023944
47.5 62.5 0.006714560320315
47.5 67.5 0.008734243371808
47.5 72.5 0.010452745617376
47.5 77.5 0.011037390711230
47.5 82.5 0.009850384005528
47.5 87.5 0.006572828176350
47.5 92.5 0.003118107167217
47.5 97.5 0.001665352691582
47.5 102.5 0.001062991079733
47.5 107.5 0.000823818086793
47.5 112.5 0.000682085942829
47.5 117.5 0.000664369424833
47.5 122.5 0.000673227683831
47.5 127.5 0.000788385050802
47.5 132.5 0.001027558043742
47.5 137.5 0.001408463180646
47.5 142.5 0.001736218763564
47.5 147.5 0.001815943094544
47.5 152.5 0.001683069209578
47.5 157.5 0.001275589295680
47.5 162.5 0.000859251122784
47.5 167.5 0.000682085942829
47.5 172.5 0.000540353798864
47.5 177.5 0.000398621654900
52.5 -177.5 0.000540353798864
52.5 -172.5 0.000389763395902
52.5 -167.5 0.000292322546927
52.5 -162.5 0.000186023438953
52.5 -157.5 0.000088582589978
52.5 -152.5 0.000035433035991
52.5 -147.5 0.000008858258998
52.5 -82.5 0.000008858258998
52.5 -77.5 0.000008858258998
52.5 -72.5 0.000008858258998
52.5 -17.5 0.000008858258998
52.5 -12.5 0.000008858258998
52.5 -7.5 0.000035433035991
52.5 -2.5 0.000044291294989
52.5 2.5 0.000088582589978
52.5 7.5 0.000106299107973
52.5 12.5 0.000177165179956
52.5 17.5 0.000212598215947
52.5 22.5 0.000274606028931
52.5 27.5 0.000318897323920
52.5 32.5 0.000336613841916
52.5 37.5 0.000434054690891
52.5 42.5 0.000673227683831
52.5 47.5 0.001045274561738
52.5 52.5 0.002063974346482
52.5 57.5 0.004003933066995
52.5 62.5 0.007068890680226
52.5 67.5 0.010807075977287
52.5 72.5 0.014749001231298
52.5 77.5 0.018974390773237
52.5 82.5 0.021233246817670
52.5 87.5 0.017760809290542
52.5 92.5 0.011905500093012
52.5 97.5 0.005376963211650
52.5 102.5 0.002418304706393
52.5 107.5 0.001594486619600
52.5 112.5 0.001062991079733
52.5 117.5 0.000832676345791
52.5 122.5 0.000832676345791
52.5 127.5 0.001080707597729
52.5 132.5 0.001638777914589
52.5 137.5 0.002303147339422
52.5 142.5 0.003295272347173
52.5 147.5 0.003950783513008
52.5 152.5 0.003817909628042
52.5 157.5 0.003020666318242
52.5 162.5 0.002099407382473
52.5 167.5 0.001488187511626
52.5 172.5 0.000894684158775
52.5 177.5 0.000682085942829
57.5 -177.5 0.000832676345791
57.5 -172.5 0.000655511165835
57.5 -167.5 0.000425196431893
57.5 -162.5 0.000301180805924
57.5 -157.5 0.000168306920958
57.5 -152.5 0.000070866071982
57.5 -147.5 0.000035433035991
57.5 -142.5 0.000008858258998
57.5 -97.5 0.000008858258998
57.5 -92.5 0.000008858258998
57.5 -87.5 0.000008858258998
57.5 -82.5 0.000008858258998
57.5 -77.5 0.000026574776993
57.5 -72.5 0.000026574776993
57.5 -67.5 0.000008858258998
57.5 -62.5 0.000008858258998
57.5 -57.5 0.000008858258998
57.5 -17.5 0.000008858258998
57.5 -12.5 0.000008858258998
57.5 -7.5 0.000035433035991
57.5 -2.5 0.000035433035991
57.5 2.5 0.000070866071982
57.5 7.5 0.000088582589978
57.5 12.5 0.000124015625969
57.5 17.5 0.000186023438953
57.5 22.5 0.000212598215947
57.5 27.5 0.000256889510936
57.5 32.5 0.000301180805924
57.5 37.5 0.000354330359911
57.5 42.5 0.000522637280869
57.5 47.5 0.000788385050802
57.5 52.5 0.001488187511626
57.5 57.5 0.002772635066304
57.5 62.5 0.005660427499579
57.5 67.5 0.010124990034459
57.5 72.5 0.016485219994862
57.5 77.5 0.026583635252328
57.5 82.5 0.034901540451240
57.5 87.5 0.033165321687676
57.5 92.5 0.021463561551613
57.5 97.5 0.011692901877065
57.5 102.5 0.004792318117797
57.5 107.5 0.002338580375413
57.5 112.5 0.001567911842606
57.5 117.5 0.001089565856727
57.5 122.5 0.001045274561738
57.5 127.5 0.001399604921649
57.5 132.5 0.001984250015502
57.5 137.5 0.003330705383164
57.5 142.5 0.005314955398666
57.5 147.5 0.006874008982275
57.5 152.5 0.007175189788199
57.5 157.5 0.006652552507330
57.5 162.5 0.005226372808688
57.5 167.5 0.003667319225080
57.5 172.5 0.002303147339422
57.5 177.5 0.001399604921649
62.5 -177.5 0.001789368317551
62.5 -172.5 0.000894684158775
62.5 -167.5 0.000655511165835
62.5 -162.5 0.000398621654900
62.5 -157.5 0.000230314733942
62.5 -152.5 0.000097440848976
62.5 -147.5 0.000035433035991
62.5 -142.5 0.000008858258998
62.5 -102.5 0.000008858258998
62.5 -97.5 0.000008858258998
62.5 -92.5 0.000035433035991
62.5 -87.5 0.000035433035991
62.5 -82.5 0.000035433035991
62.5 -77.5 0.000035433035991
62.5 -72.5 0.000035433035991
62.5 -67.5 0.000035433035991
62.5 -62.5 0.000035433035991
62.5 -57.5 0.000008858258998
62.5 -52.5 0.000008858258998
62.5 -12.5 0.000008858258998
62.5 -7.5 0.000008858258998
62.5 -2.5 0.000035433035991
62.5 2.5 0.000035433035991
62.5 7.5 0.000062007812984
62.5 12.5 0.000088582589978
62.5 17.5 0.000106299107973
62.5 22.5 0.000168306920958
62.5 27.5 0.000186023438953
62.5 32.5 0.000212598215947
62.5 37.5 0.000265747769933
62.5 42.5 0.000345472100913
62.5 47.5 0.000558070316860
62.5 52.5 0.000797243309800
62.5 57.5 0.001523620547618
62.5 62.5 0.003011808059244
62.5 67.5 0.006661410766328
62.5 72.5 0.014571836051342
62.5 77.5 0.027097414274199
62.5 82.5 0.039924173302979
62.5 87.5 0.040535393173826
62.5 92.5 0.028302137497896
62.5 97.5 0.014775576008291
62.5 102.5 0.006466529068377
62.5 107.5 0.002852359397284
62.5 112.5 0.001700785727573
62.5 117.5 0.001187006705702
62.5 122.5 0.001080707597729
62.5 127.5 0.001399604921649
62.5 132.5 0.002117123900469
62.5 137.5 0.003738185297062
62.5 142.5 0.006501962104368
62.5 147.5 0.008557078191852
62.5 152.5 0.009956683113501
62.5 157.5 0.010691918610316
62.5 162.5 0.010674202092321
62.5 167.5 0.009425187573634
62.5 172.5 0.006980308090248
62.5 177.5 0.003844484405035
67.5 -177.5 0.004473420793877
67.5 -172.5 0.001736218763564
67.5 -167.5 0.000788385050802
67.5 -162.5 0.000487204244878
67.5 -157.5 0.000301180805924
67.5 -152.5 0.000141732143964
67.5 -147.5 0.000070866071982
67.5 -142.5 0.000035433035991
67.5 -137.5 0.000008858258998
67.5 -107.5 0.000008858258998
67.5 -102.5 0.000008858258998
67.5 -97.5 0.000035433035991
67.5 -92.5 0.000035433035991
67.5 -87.5 0.000044291294989
67.5 -82.5 0.000053149553987
67.5 -77.5 0.000053149553987
67.5 -72.5 0.000053149553987
67.5 -67.5 0.000044291294989
67.5 -62.5 0.000035433035991
67.5 -57.5 0.000035433035991
67.5 -52.5 0.000008858258998
67.5 -47.5 0.000008858258998
67.5 -7.5 0.000008858258998
67.5 -2.5 0.000008858258998
67.5 2.5 0.000026574776993
67.5 7.5 0.000035433035991
67.5 12.5 0.000035433035991
67.5 17.5 0.000070866071982
67.5 22.5 0.000088582589978
67.5 27.5 0.000097440848976
67.5 32.5 0.000115157366971
67.5 37.5 0.000168306920958
67.5 42.5 0.000212598215947
67.5 47.5 0.000327755582918
67.5 52.5 0.000487204244878
67.5 57.5 0.000744093755813
67.5 62.5 0.001381888403653
67.5 67.5 0.002878934174277
67.5 72.5 0.008929125069759
67.5 77.5 0.019559035867091
67.5 82.5 0.032385794895871
67.5 87.5 0.035025556077209
67.5 92.5 0.025644659798563
67.5 97.5 0.013898608367511
67.5 102.5 0.005421254506639
67.5 107.5 0.002418304706393
67.5 112.5 0.001523620547618
67.5 117.5 0.001027558043742
67.5 122.5 0.000894684158775
67.5 127.5 0.001116140633720
67.5 132.5 0.001753935281560
67.5 137.5 0.003206689757195
67.5 142.5 0.005802159643544
67.5 147.5 0.008193889572943
67.5 152.5 0.010780501200294
67.5 157.5 0.013429120640629
67.5 162.5 0.015510811505107
67.5 167.5 0.016644668656822
67.5 172.5 0.015156481145196
67.5 177.5 0.010346446509403
72.5 -177.5 0.008229322608934
72.5 -172.5 0.002595469886349
72.5 -167.5 0.000912400676771
72.5 -162.5 0.000540353798864
72.5 -157.5 0.000318897323920
72.5 -152.5 0.000168306920958
72.5 -147.5 0.000088582589978
72.5 -142.5 0.000035433035991
72.5 -137.5 0.000008858258998
72.5 -112.5 0.000008858258998
72.5 -107.5 0.000008858258998
72.5 -102.5 0.000035433035991
72.5 -97.5 0.000035433035991
72.5 -92.5 0.000044291294989
72.5 -87.5 0.000062007812984
72.5 -82.5 0.000079724330980
72.5 -77.5 0.000088582589978
72.5 -72.5 0.000070866071982
72.5 -67.5 0.000062007812984
72.5 -62.5 0.000035433035991
72.5 -57.5 0.000035433035991
72.5 -52.5 0.000026574776993
72.5 -47.5 0.000008858258998
72.5 -42.5 0.000008858258998
72.5 2.5 0.000008858258998
72.5 7.5 0.000008858258998
72.5 12.5 0.000008858258998
72.5 17.5 0.000035433035991
72.5 22.5 0.000035433035991
72.5 27.5 0.000044291294989
72.5 32.5 0.000053149553987
72.5 37.5 0.000079724330980
72.5 42.5 0.000097440848976
72.5 47.5 0.000186023438953
72.5 52.5 0.000274606028931
72.5 57.5 0.000425196431893
72.5 62.5 0.000717518978820
72.5 67.5 0.001426179698642
72.5 72.5 0.003906492218019
72.5 77.5 0.011994082682989
72.5 82.5 0.018930099478249
72.5 87.5 0.021569860659586
72.5 92.5 0.016733251246800
72.5 97.5 0.008973416364748
72.5 102.5 0.003206689757195
72.5 107.5 0.001683069209578
72.5 112.5 0.001045274561738
72.5 117.5 0.000788385050802
72.5 122.5 0.000744093755813
72.5 127.5 0.000823818086793
72.5 132.5 0.001169290187707
72.5 137.5 0.001975391756504
72.5 142.5 0.003605311412095
72.5 147.5 0.005988183082497
72.5 152.5 0.009159439803701
72.5 157.5 0.013827742295529
72.5 162.5 0.018983249032235
72.5 167.5 0.023899582776001
72.5 172.5 0.022845449955266
72.5 177.5 0.016175180929940
77.5 -177.5 0.009947824854503
77.5 -172.5 0.002994091541248
77.5 -167.5 0.000912400676771
77.5 -162.5 0.000487204244878
77.5 -157.5 0.000301180805924
77.5 -152.5 0.000168306920958
77.5 -147.5 0.000088582589978
77.5 -142.5 0.000035433035991
77.5 -137.5 0.000008858258998
77.5 -132.5 0.000008858258998
77.5 -112.5 0.000008858258998
77.5 -107.5 0.000008858258998
77.5 -102.5 0.000035433035991
77.5 -97.5 0.000035433035991
77.5 -92.5 0.000053149553987
77.5 -87.5 0.000070866071982
77.5 -82.5 0.000088582589978
77.5 -77.5 0.000088582589978
77.5 -72.5 0.000088582589978
77.5 -67.5 0.000062007812984
77.5 -62.5 0.000044291294989
77.5 -57.5 0.000035433035991
77.5 -52.5 0.000026574776993
77.5 -47.5 0.000008858258998
77.5 -42.5 0.000008858258998
77.5 17.5 0.000008858258998
77.5 22.5 0.000008858258998
77.5 27.5 0.000008858258998
77.5 32.5 0.000026574776993
77.5 37.5 0.000035433035991
77.5 42.5 0.000035433035991
77.5 47.5 0.000097440848976
77.5 52.5 0.000186023438953
77.5 57.5 0.000310039064922
77.5 62.5 0.000522637280869
77.5 67.5 0.000832676345791
77.5 72.5 0.001948816979511
77.5 77.5 0.005403537988644
77.5 82.5 0.010151564811452
77.5 87.5 0.011666327100072
77.5 92.5 0.008477353860872
77.5 97.5 0.003667319225080
77.5 102.5 0.001621061396593
77.5 107.5 0.000868109381782
77.5 112.5 0.000682085942829
77.5 117.5 0.000628936388842
77.5 122.5 0.000540353798864
77.5 127.5 0.000620078129844
77.5 132.5 0.000717518978820
77.5 137.5 0.001045274561738
77.5 142.5 0.001771651799555
77.5 147.5 0.002967516764255
77.5 152.5 0.005908458751517
77.5 157.5 0.011701760136063
77.5 162.5 0.018637776931322
77.5 167.5 0.025573793726581
77.5 172.5 0.025494069395601
77.5 177.5 0.018194863981433
82.5 -177.5 0.007706685328066
82.5 -172.5 0.002205706490446
82.5 -167.5 0.000761810273809
82.5 -162.5 0.000398621654900
82.5 -157.5 0.000230314733942
82.5 -152.5 0.000115157366971
82.5 -147.5 0.000088582589978
82.5 -142.5 0.000035433035991
82.5 -137.5 0.000008858258998
82.5 -132.5 0.000008858258998
82.5 -112.5 0.000008858258998
82.5 -107.5 0.000008858258998
82.5 -102.5 0.000035433035991
82.5 -97.5 0.000035433035991
82.5 -92.5 0.000044291294989
82.5 -87.5 0.000062007812984
82.5 -82.5 0.000070866071982
82.5 -77.5 0.000079724330980
82.5 -72.5 0.000070866071982
82.5 -67.5 0.000053149553987
82.5 -62.5 0.000035433035991
82.5 -57.5 0.000035433035991
82.5 -52.5 0.000017716517996
82.5 -47.5 0.000008858258998
82.5 27.5 0.000008858258998
82.5 32.5 0.000008858258998
82.5 37.5 0.000008858258998
82.5 42.5 0.000035433035991
82.5 47.5 0.000088582589978
82.5 52.5 0.000132873884967
82.5 57.5 0.000230314733942
82.5 62.5 0.000398621654900
82.5 67.5 0.000682085942829
82.5 72.5 0.001195864964700
82.5 77.5 0.002320863857417
82.5 82.5 0.003906492218019
82.5 87.5 0.004375979944902
82.5 92.5 0.003056099354233
82.5 97.5 0.001585628360602
82.5 102.5 0.000797243309800
82.5 107.5 0.000620078129844
82.5 112.5 0.000425196431893
82.5 117.5 0.000336613841916
82.5 122.5 0.000327755582918
82.5 127.5 0.000336613841916
82.5 132.5 0.000407479913898
82.5 137.5 0.000655511165835
82.5 142.5 0.000832676345791
82.5 147.5 0.001399604921649
82.5 152.5 0.002595469886349
82.5 157.5 0.006882867241272
82.5 162.5 0.014128923101454
82.5 167.5 0.019488169795108
82.5 172.5 0.020134822701946
82.5 177.5 0.015289355030162
87.5 -177.5 0.003614169671093
87.5 -172.5 0.001231298000691
87.5 -167.5 0.000602361611849
87.5 -162.5 0.000318897323920
87.5 -157.5 0.000177165179956
87.5 -152.5 0.000088582589978
87.5 -147.5 0.000044291294989
87.5 -142.5 0.000035433035991
87.5 -137.5 0.000008858258998
87.5 -112.5 0.000008858258998
87.5 -107.5 0.000008858258998
87.5 -102.5 0.000026574776993
87.5 -97.5 0.000035433035991
87.5 -92.5 0.000035433035991
87.5 -87.5 0.000035433035991
87.5 -82.5 0.000044291294989
87.5 -77.5 0.000053149553987
87.5 -72.5 0.000044291294989
87.5 -67.5 0.000035433035991
87.5 -62.5 0.000035433035991
87.5 -57.5 0.000035433035991
87.5 -52.5 0.000008858258998
87.5 -47.5 0.000008858258998
87.5 37.5 0.000008858258998
87.5 42.5 0.000008858258998
87.5 47.5 0.000035433035991
87.5 52.5 0.000088582589978
87.5 57.5 0.000177165179956
87.5 62.5 0.000292322546927
87.5 67.5 0.000487204244878
87.5 72.5 0.000744093755813
87.5 77.5 0.001187006705702
87.5 82.5 0.001656494432584
87.5 87.5 0.001674210950580
87.5 92.5 0.001266731036682
87.5 97.5 0.000788385050802
87.5 102.5 0.000487204244878
87.5 107.5 0.000327755582918
87.5 112.5 0.000203739956949
87.5 117.5 0.000115157366971
87.5 122.5 0.000097440848976
87.5 127.5 0.000132873884967
87.5 132.5 0.000212598215947
87.5 137.5 0.000336613841916
87.5 142.5 0.000522637280869
87.5 147.5 0.000744093755813
87.5 152.5 0.001266731036682
87.5 157.5 0.002772635066304
87.5 162.5 0.007015741126239
87.5 167.5 0.011409437589136
87.5 172.5 0.012304121747912
87.5 177.5 0.008645660781830
92.5 -177.5 0.001452754475635
92.5 -172.5 0.000682085942829
92.5 -167.5 0.000345472100913
92.5 -162.5 0.000186023438953
92.5 -157.5 0.000088582589978
92.5 -152.5 0.000053149553987
92.5 -147.5 0.000035433035991
92.5 -142.5 0.000008858258998
92.5 -137.5 0.000008858258998
92.5 -107.5 0.000008858258998
92.5 -102.5 0.000008858258998
92.5 -97.5 0.000008858258998
92.5 -92.5 0.000035433035991
92.5 -87.5 0.000035433035991
92.5 -82.5 0.000035433035991
92.5 -77.5 0.000035433035991
92.5 -72.5 0.000035433035991
92.5 -67.5 0.000035433035991
92.5 -62.5 0.000026574776993
92.5 -57.5 0.000008858258998
92.5 -52.5 0.000008858258998
92.5 37.5 0.000008858258998
92.5 42.5 0.000008858258998
92.5 47.5 0.000026574776993
92.5 52.5 0.000044291294989
92.5 57.5 0.000097440848976
92.5 62.5 0.000177165179956
92.5 67.5 0.000301180805924
92.5 72.5 0.000478345985880
92.5 77.5 0.000673227683831
92.5 82.5 0.000761810273809
92.5 87.5 0.000761810273809
92.5 92.5 0.000673227683831
92.5 97.5 0.000434054690891
92.5 102.5 0.000283464287929
92.5 107.5 0.000106299107973
92.5 112.5 0.000026574776993
92.5 117.5 0.000008858258998
92.5 122.5 0.000008858258998
92.5 127.5 0.000026574776993
92.5 132.5 0.000053149553987
92.5 137.5 0.000132873884967
92.5 142.5 0.000301180805924
92.5 147.5 0.000487204244878
92.5 152.5 0.000726377237818
92.5 157.5 0.001266731036682
92.5 162.5 0.002320863857417
92.5 167.5 0.003782476592051
92.5 172.5 0.004119090433966
92.5 177.5 0.002790351584300
97.5 -177.5 0.000682085942829
97.5 -172.5 0.000380905136904
97.5 -167.5 0.000186023438953
97.5 -162.5 0.000088582589978
97.5 -157.5 0.000035433035991
97.5 -152.5 0.000026574776993
97.5 -147.5 0.000008858258998
97.5 -102.5 0.000008858258998
97.5 -97.5 0.000008858258998
97.5 -92.5 0.000008858258998
97.5 -87.5 0.000008858258998
97.5 -82.5 0.000008858258998
97.5 -77.5 0.000008858258998
97.5 -72.5 0.000008858258998
97.5 -67.5 0.000008858258998
97.5 -62.5 0.000008858258998
97.5 -57.5 0.000008858258998
97.5 47.5 0.000008858258998
97.5 52.5 0.000026574776993
97.5 57.5 0.000035433035991
97.5 62.5 0.000088582589978
97.5 67.5 0.000124015625969
97.5 72.5 0.000212598215947
97.5 77.5 0.000327755582918
97.5 82.5 0.000380905136904
97.5 87.5 0.000372046877907
97.5 92.5 0.000318897323920
97.5 97.5 0.000203739956949
97.5 102.5 0.000088582589978
97.5 107.5 0.000008858258998
97.5 137.5 0.000035433035991
97.5 142.5 0.000106299107973
97.5 147.5 0.000283464287929
97.5 152.5 0.000451771208887
97.5 157.5 0.000682085942829
97.5 162.5 0.000894684158775
97.5 167.5 0.001266731036682
97.5 172.5 0.001319880590669
97.5 177.5 0.000974408489755
102.5 -177.5 0.000318897323920
102.5 -172.5 0.000132873884967
102.5 -167.5 0.000053149553987
102.5 -162.5 0.000035433035991
102.5 -157.5 0.000008858258998
102.5 -152.5 0.000008858258998
102.5 52.5 0.000008858258998
102.5 57.5 0.000008858258998
102.5 62.5 0.000035433035991
102.5 67.5 0.000035433035991
102.5 72.5 0.000070866071982
102.5 77.5 0.000088582589978
102.5 82.5 0.000097440848976
102.5 87.5 0.000097440848976
102.5 92.5 0.000088582589978
102.5 97.5 0.000035433035991
102.5 142.5 0.000035433035991
102.5 147.5 0.000106299107973
102.5 152.5 0.000230314733942
102.5 157.5 0.000345472100913
102.5 162.5 0.000487204244878
102.5 167.5 0.000602361611849
102.5 172.5 0.000593503352851
102.5 177.5 0.000469487726882
107.5 -177.5 0.000088582589978
107.5 -172.5 0.000035433035991
107.5 -167.5 0.000008858258998
107.5 67.5 0.000008858258998
107.5 72.5 0.000008858258998
107.5 77.5 0.000008858258998
107.5 82.5 0.000008858258998
107.5 87.5 0.000008858258998
107.5 142.5 0.000008858258998
107.5 147.5 0.000035433035991
107.5 152.5 0.000097440848976
107.5 157.5 0.000177165179956
107.5 162.5 0.000212598215947
107.5 167.5 0.000230314733942
107.5 172.5 0.000221456474944
107.5 177.5 0.000168306920958
112.5 -177.5 0.000008858258998
112.5 147.5 0.000008858258998
112.5 152.5 0.000035433035991
112.5 157.5 0.000044291294989
112.5 162.5 0.000070866071982
112.5 167.5 0.000070866071982
112.5 172.5 0.000035433035991
112.5 177.5 0.000035433035991
117.5 157.5 0.000008858258998
117.5 162.5 0.000008858258998
117.5 167.5 0.000008858258998
117.5 172.5 0.000008858258998
132.5 -177.5 0.000008858258998
132.5 -172.5 0.000008858258998
132.5 72.5 0.000008858258998
132.5 77.5 0.000008858258998
132.5 82.5 0.000008858258998
132.5 87.5 0.000008858258998
132.5 162.5 0.000008858258998
132.5 167.5 0.000008858258998
132.5 172.5 0.000008858258998
132.5 177.5 0.000008858258998
137.5 -177.5 0.000035433035991
137.5 -172.5 0.000035433035991
137.5 -167.5 0.000008858258998
137.5 62.5 0.000008858258998
137.5 67.5 0.000035433035991
137.5 72.5 0.000044291294989
137.5 77.5 0.000044291294989
137.5 82.5 0.000035433035991
137.5 87.5 0.000017716517996
137.5 92.5 0.000008858258998
137.5 97.5 0.000008858258998
137.5 147.5 0.000008858258998
137.5 152.5 0.000008858258998
137.5 157.5 0.000035433035991
137.5 162.5 0.000035433035991
137.5 167.5 0.000062007812984
137.5 172.5 0.000062007812984
137.5 177.5 0.000044291294989
142.5 -177.5 0.000088582589978
142.5 -172.5 0.000053149553987
142.5 -167.5 0.000035433035991
142.5 -162.5 0.000008858258998
142.5 -42.5 0.000008858258998
142.5 -37.5 0.000008858258998
142.5 -32.5 0.000008858258998
142.5 -27.5 0.000008858258998
142.5 -22.5 0.000008858258998
142.5 -17.5 0.000008858258998
142.5 -12.5 0.000008858258998
142.5 -7.5 0.000008858258998
142.5 -2.5 0.000008858258998
142.5 2.5 0.000008858258998
142.5 42.5 0.000008858258998
142.5 47.5 0.000035433035991
142.5 52.5 0.000088582589978
142.5 57.5 0.000088582589978
142.5 62.5 0.000106299107973
142.5 67.5 0.000186023438953
142.5 72.5 0.000212598215947
142.5 77.5 0.000212598215947
142.5 82.5 0.000186023438953
142.5 87.5 0.000088582589978
142.5 92.5 0.000035433035991
142.5 97.5 0.000008858258998
142.5 132.5 0.000008858258998
142.5 137.5 0.000008858258998
142.5 142.5 0.000008858258998
142.5 147.5 0.000035433035991
142.5 152.5 0.000070866071982
142.5 157.5 0.000097440848976
142.5 162.5 0.000115157366971
142.5 167.5 0.000141732143964
142.5 172.5 0.000124015625969
142.5 177.5 0.000097440848976
147.5 -177.5 0.000132873884967
147.5 -172.5 0.000088582589978
147.5 -167.5 0.000044291294989
147.5 -162.5 0.000035433035991
147.5 -157.5 0.000008858258998
147.5 -52.5 0.000008858258998
147.5 -47.5 0.000008858258998
147.5 -42.5 0.000035433035991
147.5 -37.5 0.000035433035991
147.5 -32.5 0.000035433035991
147.5 -27.5 0.000035433035991
147.5 -22.5 0.000035433035991
147.5 -17.5 0.000035433035991
147.5 -12.5 0.000035433035991
147.5 -7.5 0.000035433035991
147.5 -2.5 0.000035433035991
147.5 2.5 0.000035433035991
147.5 7.5 0.000035433035991
147.5 12.5 0.000008858258998
147.5 17.5 0.000008858258998
147.5 32.5 0.000008858258998
147.5 37.5 0.000088582589978
147.5 42.5 0.000194881697951
147.5 47.5 0.000265747769933
147.5 52.5 0.000283464287929
147.5 57.5 0.000336613841916
147.5 62.5 0.000611219870847
147.5 67.5 0.000744093755813
147.5 72.5 0.000735235496815
147.5 77.5 0.000655511165835
147.5 82.5 0.000451771208887
147.5 87.5 0.000327755582918
147.5 92.5 0.000186023438953
147.5 97.5 0.000088582589978
147.5 102.5 0.000026574776993
147.5 127.5 0.000008858258998
147.5 132.5 0.000035433035991
147.5 137.5 0.000062007812984
147.5 142.5 0.000088582589978
147.5 147.5 0.000124015625969
147.5 152.5 0.000186023438953
147.5 157.5 0.000212598215947
147.5 162.5 0.000230314733942
147.5 167.5 0.000230314733942
147.5 172.5 0.000212598215947
147.5 177.5 0.000186023438953
152.5 -177.5 0.000186023438953
152.5 -172.5 0.000106299107973
152.5 -167.5 0.000088582589978
152.5 -162.5 0.000035433035991
152.5 -157.5 0.000008858258998
152.5 -62.5 0.000008858258998
152.5 -57.5 0.000008858258998
152.5 -52.5 0.000035433035991
152.5 -47.5 0.000035433035991
152.5 -42.5 0.000044291294989
152.5 -37.5 0.000053149553987
152.5 -32.5 0.000062007812984
152.5 -27.5 0.000079724330980
152.5 -22.5 0.000088582589978
152.5 -17.5 0.000088582589978
152.5 -12.5 0.000088582589978
152.5 -7.5 0.000088582589978
152.5 -2.5 0.000088582589978
152.5 2.5 0.000088582589978
152.5 7.5 0.000062007812984
152.5 12.5 0.000035433035991
152.5 17.5 0.000035433035991
152.5 22.5 0.000008858258998
152.5 27.5 0.000035433035991
152.5 32.5 0.000106299107973
152.5 37.5 0.000301180805924
152.5 42.5 0.000398621654900
152.5 47.5 0.000620078129844
152.5 52.5 0.000832676345791
152.5 57.5 0.001957675238509
152.5 62.5 0.004136806951962
152.5 67.5 0.005208656290693
152.5 72.5 0.004083657397975
152.5 77.5 0.002276572562429
152.5 82.5 0.001045274561738
152.5 87.5 0.000664369424833
152.5 92.5 0.000380905136904
152.5 97.5 0.000230314733942
152.5 102.5 0.000106299107973
152.5 107.5 0.000035433035991
152.5 112.5 0.000008858258998
152.5 117.5 0.000008858258998
152.5 122.5 0.000026574776993
152.5 127.5 0.000062007812984
152.5 132.5 0.000124015625969
152.5 137.5 0.000186023438953
152.5 142.5 0.000248031251938
152.5 147.5 0.000310039064922
152.5 152.5 0.000336613841916
152.5 157.5 0.000336613841916
152.5 162.5 0.000336613841916
152.5 167.5 0.000336613841916
152.5 172.5 0.000310039064922
152.5 177.5 0.000248031251938
157.5 -177.5 0.000221456474944
157.5 -172.5 0.000159448661960
157.5 -167.5 0.000088582589978
157.5 -162.5 0.000035433035991
157.5 -157.5 0.000008858258998
157.5 -97.5 0.000008858258998
157.5 -92.5 0.000035433035991
157.5 -87.5 0.000053149553987
157.5 -82.5 0.000088582589978
157.5 -77.5 0.000106299107973
157.5 -72.5 0.000097440848976
157.5 -67.5 0.000088582589978
157.5 -62.5 0.000035433035991
157.5 -57.5 0.000035433035991
157.5 -52.5 0.000044291294989
157.5 -47.5 0.000070866071982
157.5 -42.5 0.000088582589978
157.5 -37.5 0.000088582589978
157.5 -32.5 0.000088582589978
157.5 -27.5 0.000097440848976
157.5 -22.5 0.000097440848976
157.5 -17.5 0.000097440848976
157.5 -12.5 0.000097440848976
157.5 -7.5 0.000097440848976
157.5 -2.5 0.000097440848976
157.5 2.5 0.000097440848976
157.5 7.5 0.000088582589978
157.5 12.5 0.000088582589978
157.5 17.5 0.000053149553987
157.5 22.5 0.000044291294989
157.5 27.5 0.000115157366971
157.5 32.5 0.000327755582918
157.5 37.5 0.000628936388842
157.5 42.5 0.000832676345791
157.5 47.5 0.001736218763564
157.5 52.5 0.004765743340804
157.5 57.5 0.016538369548849
157.5 62.5 0.031880874132998
157.5 67.5 0.035016697818211
157.5 72.5 0.021959624055488
157.5 77.5 0.011436012366130
157.5 82.5 0.003614169671093
157.5 87.5 0.001319880590669
157.5 92.5 0.000673227683831
157.5 97.5 0.000407479913898
157.5 102.5 0.000318897323920
157.5 107.5 0.000212598215947
157.5 112.5 0.000159448661960
157.5 117.5 0.000106299107973
157.5 122.5 0.000168306920958
157.5 127.5 0.000230314733942
157.5 132.5 0.000327755582918
157.5 137.5 0.000434054690891
157.5 142.5 0.000637794647840
157.5 147.5 0.000673227683831
157.5 152.5 0.000673227683831
157.5 157.5 0.000611219870847
157.5 162.5 0.000487204244878
157.5 167.5 0.000434054690891
157.5 172.5 0.000372046877907
157.5 177.5 0.000310039064922
162.5 -177.5 0.000230314733942
162.5 -172.5 0.000168306920958
162.5 -167.5 0.000088582589978
162.5 -162.5 0.000035433035991
162.5 -157.5 0.000008858258998
162.5 -107.5 0.000008858258998
162.5 -102.5 0.000035433035991
162.5 -97.5 0.000097440848976
162.5 -92.5 0.000194881697951
162.5 -87.5 0.000301180805924
162.5 -82.5 0.000380905136904
162.5 -77.5 0.000398621654900
162.5 -72.5 0.000398621654900
162.5 -67.5 0.000327755582918
162.5 -62.5 0.000212598215947
162.5 -57.5 0.000132873884967
162.5 -52.5 0.000097440848976
162.5 -47.5 0.000097440848976
162.5 -42.5 0.000097440848976
162.5 -37.5 0.000097440848976
162.5 -32.5 0.000106299107973
162.5 -27.5 0.000106299107973
162.5 -22.5 0.000115157366971
162.5 -17.5 0.000124015625969
162.5 -12.5 0.000132873884967
162.5 -7.5 0.000132873884967
162.5 -2.5 0.000132873884967
162.5 2.5 0.000124015625969
162.5 7.5 0.000106299107973
162.5 12.5 0.000097440848976
162.5 17.5 0.000097440848976
162.5 22.5 0.000159448661960
162.5 27.5 0.000327755582918
162.5 32.5 0.000673227683831
162.5 37.5 0.001355313626660
162.5 42.5 0.002772635066304
162.5 47.5 0.008583652968846
162.5 52.5 0.025237179884665
162.5 57.5 0.058588525011294
162.5 62.5 0.092462507418792
162.5 67.5 0.093782388009461
162.5 72.5 0.064399542913836
162.5 77.5 0.030587568319323
162.5 82.5 0.011205697632187
162.5 87.5 0.003286414088175
162.5 92.5 0.001213581482695
162.5 97.5 0.000699802460824
162.5 102.5 0.000655511165835
162.5 107.5 0.000540353798864
162.5 112.5 0.000487204244878
162.5 117.5 0.000398621654900
162.5 122.5 0.000407479913898
162.5 127.5 0.000504920762873
162.5 132.5 0.000682085942829
162.5 137.5 0.001027558043742
162.5 142.5 0.001665352691582
162.5 147.5 0.002196848231449
162.5 152.5 0.002134840418464
162.5 157.5 0.001426179698642
162.5 162.5 0.000823818086793
162.5 167.5 0.000664369424833
162.5 172.5 0.000487204244878
162.5 177.5 0.000336613841916
167.5 -177.5 0.000265747769933
167.5 -172.5 0.000150590402962
167.5 -167.5 0.000088582589978
167.5 -162.5 0.000035433035991
167.5 -157.5 0.000008858258998
167.5 -117.5 0.000008858258998
167.5 -112.5 0.000035433035991
167.5 -107.5 0.000088582589978
167.5 -102.5 0.000203739956949
167.5 -97.5 0.000318897323920
167.5 -92.5 0.000487204244878
167.5 -87.5 0.000682085942829
167.5 -82.5 0.000859251122784
167.5 -77.5 0.000965550230758
167.5 -72.5 0.000841534604789
167.5 -67.5 0.000682085942829
167.5 -62.5 0.000487204244878
167.5 -57.5 0.000336613841916
167.5 -52.5 0.000230314733942
167.5 -47.5 0.000186023438953
167.5 -42.5 0.000168306920958
167.5 -37.5 0.000124015625969
167.5 -32.5 0.000115157366971
167.5 -27.5 0.000124015625969
167.5 -22.5 0.000132873884967
167.5 -17.5 0.000159448661960
167.5 -12.5 0.000159448661960
167.5 -7.5 0.000159448661960
167.5 -2.5 0.000168306920958
167.5 2.5 0.000159448661960
167.5 7.5 0.000132873884967
167.5 12.5 0.000124015625969
167.5 17.5 0.000186023438953
167.5 22.5 0.000318897323920
167.5 27.5 0.000628936388842
167.5 32.5 0.001169290187707
167.5 37.5 0.003233264534188
167.5 42.5 0.009469478868623
167.5 47.5 0.026627926547316
167.5 52.5 0.077722364446492
167.5 57.5 0.136346322493777
167.5 62.5 0.209834439139332
167.5 67.5 0.191037213546050
167.5 72.5 0.113624888164480
167.5 77.5 0.058969430148199
167.5 82.5 0.021091514673706
167.5 87.5 0.007715543587063
167.5 92.5 0.002958658505257
167.5 97.5 0.001399604921649
167.5 102.5 0.001018699784744
167.5 107.5 0.000894684158775
167.5 112.5 0.000832676345791
167.5 117.5 0.000823818086793
167.5 122.5 0.000832676345791
167.5 127.5 0.001062991079733
167.5 132.5 0.001939958720513
167.5 137.5 0.004101373915971
167.5 142.5 0.008149598277954
167.5 147.5 0.012330696524905
167.5 152.5 0.011329713258156
167.5 157.5 0.005908458751517
167.5 162.5 0.001931100461515
167.5 167.5 0.000876967640780
167.5 172.5 0.000673227683831
167.5 177.5 0.000398621654900
172.5 -177.5 0.000336613841916
172.5 -172.5 0.000177165179956
172.5 -167.5 0.000070866071982
172.5 -162.5 0.000026574776993
172.5 -157.5 0.000008858258998
172.5 -122.5 0.000008858258998
172.5 -117.5 0.000035433035991
172.5 -112.5 0.000097440848976
172.5 -107.5 0.000230314733942
172.5 -102.5 0.000345472100913
172.5 -97.5 0.000584645093853
172.5 -92.5 0.000832676345791
172.5 -87.5 0.001638777914589
172.5 -82.5 0.002400588188397
172.5 -77.5 0.002790351584300
172.5 -72.5 0.002294289080424
172.5 -67.5 0.001505904029622
172.5 -62.5 0.000832676345791
172.5 -57.5 0.000637794647840
172.5 -52.5 0.000398621654900
172.5 -47.5 0.000301180805924
172.5 -42.5 0.000230314733942
172.5 -37.5 0.000177165179956
172.5 -32.5 0.000141732143964
172.5 -27.5 0.000115157366971
172.5 -22.5 0.000124015625969
172.5 -17.5 0.000124015625969
172.5 -12.5 0.000132873884967
172.5 -7.5 0.000141732143964
172.5 -2.5 0.000159448661960
172.5 2.5 0.000159448661960
172.5 7.5 0.000141732143964
172.5 12.5 0.000168306920958
172.5 17.5 0.000274606028931
172.5 22.5 0.000451771208887
172.5 27.5 0.000788385050802
172.5 32.5 0.001984250015502
172.5 37.5 0.007396646263143
172.5 42.5 0.019842500155020
172.5 47.5 0.059908405601963
172.5 52.5 0.149164223263560
172.5 57.5 0.365757514018195
172.5 62.5 0.557042758816182
172.5 67.5 0.372348058712541
172.5 72.5 0.166083497949313
172.5 77.5 0.089955620122421
172.5 82.5 0.040774566166766
172.5 87.5 0.014013765734483
172.5 92.5 0.006625977730337
172.5 97.5 0.003047241095235
172.5 102.5 0.001860234389533
172.5 107.5 0.001665352691582
172.5 112.5 0.001629919655591
172.5 117.5 0.001656494432584
172.5 122.5 0.001789368317551
172.5 127.5 0.002825784620291
172.5 132.5 0.006705702061317
172.5 137.5 0.014766717749294
172.5 142.5 0.027212571641170
172.5 147.5 0.037877915474493
172.5 152.5 0.033200754723667
172.5 157.5 0.017937974470498
172.5 162.5 0.006767709874301
172.5 167.5 0.001824801353542
172.5 172.5 0.000859251122784
172.5 177.5 0.000602361611849
177.5 -177.5 0.000487204244878
177.5 -172.5 0.000292322546927
177.5 -167.5 0.000097440848976
177.5 -162.5 0.000008858258998
177.5 -127.5 0.000008858258998
177.5 -122.5 0.000035433035991
177.5 -117.5 0.000088582589978
177.5 -112.5 0.000203739956949
177.5 -107.5 0.000336613841916
177.5 -102.5 0.000522637280869
177.5 -97.5 0.000797243309800
177.5 -92.5 0.001656494432584
177.5 -87.5 0.003366138419155
177.5 -82.5 0.005908458751517
177.5 -77.5 0.007015741126239
177.5 -72.5 0.006209639557441
177.5 -67.5 0.003463579268131
177.5 -62.5 0.001656494432584
177.5 -57.5 0.000832676345791
177.5 -52.5 0.000628936388842
177.5 -47.5 0.000398621654900
177.5 -42.5 0.000310039064922
177.5 -37.5 0.000212598215947
177.5 -32.5 0.000168306920958
177.5 -27.5 0.000106299107973
177.5 -22.5 0.000097440848976
177.5 -17.5 0.000097440848976
177.5 -12.5 0.000097440848976
177.5 -7.5 0.000106299107973
177.5 -2.5 0.000106299107973
177.5 2.5 0.000115157366971
177.5 7.5 0.000124015625969
177.5 12.5 0.000186023438953
177.5 17.5 0.000336613841916
177.5 22.5 0.000593503352851
177.5 27.5 0.001009841525747
177.5 32.5 0.003224406275191
177.5 37.5 0.012676168625818
177.5 42.5 0.040367086252868
177.5 47.5 0.099956594530911
177.5 52.5 0.264525330191604
177.5 57.5 0.665777888013890
177.5 62.5 0.765194128745936
177.5 67.5 0.461781041554093
177.5 72.5 0.197937797305318
177.5 77.5 0.101613088963495
177.5 82.5 0.053964513814455
177.5 87.5 0.022526552631346
177.5 92.5 0.010824792495283
177.5 97.5 0.005509837096617
177.5 102.5 0.003073815872228
177.5 107.5 0.002329722116415
177.5 112.5 0.002303147339422
177.5 117.5 0.002409446447395
177.5 122.5 0.003047241095235
177.5 127.5 0.005837592679535
177.5 132.5 0.013251955460674
177.5 137.5 0.028727333929789
177.5 142.5 0.051838531654989
177.5 147.5 0.065072770597667
177.5 152.5 0.058765690191250
177.5 157.5 0.040402519288859
177.5 162.5 0.016901558167758
177.5 167.5 0.006369088219401
177.5 172.5 0.001957675238509
177.5 177.5 0.000832676345791
