# Table name/description: "Top8000 Cys"
# Number of dimensions: 1
# For each dimension, 1 to 1: lower_bound  upper_bound  number_of_bins  wrapping
#   x1: 0.0 360.0 360 true
# List of table coordinates and values. (Value is last number on each line.)
0.5 1.2204796485018612E-4
1.5 1.2204796485018612E-4
2.5 1.2204796485018612E-4
3.5 1.2204796485018612E-4
4.5 1.2204796485018612E-4
5.5 1.2204796485018612E-4
6.5 6.102398242509306E-5
7.5 6.102398242509306E-5
21.5 1.2204796485018612E-4
22.5 1.830719472752792E-4
23.5 2.4409592970037224E-4
24.5 3.051199121254653E-4
25.5 4.881918594007445E-4
26.5 5.492158418258376E-4
27.5 6.712638066760237E-4
28.5 7.322877891011168E-4
29.5 0.001037407701226582
30.5 0.0017696954903276987
31.5 0.0021968633673033503
32.5 0.0025019832794288153
33.5 0.0032952950509550255
34.5 0.003844510892780863
35.5 0.004454750717031794
36.5 0.0051260145237078175
37.5 0.005797278330383841
38.5 0.007017757978885702
39.5 0.007627997803136633
40.5 0.008848477451638494
41.5 0.009397693293464331
42.5 0.010923292854091658
43.5 0.013669372063220846
44.5 0.01659852321962531
45.5 0.02172453774333313
46.5 0.026362360407640204
47.5 0.03307499847440044
48.5 0.04058094831268689
49.5 0.0492463538170501
50.5 0.05638615976078599
51.5 0.06303777384512113
52.5 0.07872093732837004
53.5 0.09617379630194667
54.5 0.11887471776408129
55.5 0.14999694880087874
56.5 0.15866235430524195
57.5 0.18581802648440837
58.5 0.2049185329834625
59.5 0.25013730396045647
60.5 0.31695856471593337
61.5 0.29016903643131753
62.5 0.36541160676145723
63.5 0.34625007627997806
64.5 0.25904680539452
65.5 0.28723988527491306
66.5 0.29926160981265637
67.5 0.27851345578812475
68.5 0.2445230975773479
69.5 0.22713126258619637
70.5 0.20815280405199243
71.5 0.16940257521205834
72.5 0.1424909989625923
73.5 0.13504607310673095
74.5 0.11326051138097272
75.5 0.10789040092756454
76.5 0.09983523524745225
77.5 0.08146701653749924
78.5 0.062305486056020015
79.5 0.050771953377677426
80.5 0.04405931531091719
81.5 0.038017941050832976
82.5 0.03209861475559895
83.5 0.025691096600964178
84.5 0.021602489778482944
85.5 0.01769695490327699
86.5 0.01513394764142308
87.5 0.012509916397144077
88.5 0.010435100994690914
89.5 0.008848477451638494
90.5 0.007017757978885702
91.5 0.005614206383108561
92.5 0.00457679868188198
93.5 0.003905534875205956
94.5 0.0033563190333801185
95.5 0.0025019832794288153
96.5 0.0021968633673033503
97.5 0.001952767437602978
98.5 0.0012204796485018612
99.5 9.153597363763959E-4
100.5 7.322877891011168E-4
101.5 6.102398242509306E-4
102.5 5.492158418258376E-4
103.5 3.661438945505584E-4
104.5 3.051199121254653E-4
105.5 2.4409592970037224E-4
106.5 1.830719472752792E-4
107.5 1.830719472752792E-4
108.5 1.2204796485018612E-4
126.5 1.2204796485018612E-4
127.5 1.2204796485018612E-4
128.5 1.2204796485018612E-4
129.5 1.830719472752792E-4
130.5 1.830719472752792E-4
131.5 1.830719472752792E-4
132.5 1.830719472752792E-4
133.5 1.830719472752792E-4
134.5 2.4409592970037224E-4
135.5 2.4409592970037224E-4
136.5 2.4409592970037224E-4
137.5 2.4409592970037224E-4
138.5 3.051199121254653E-4
139.5 3.051199121254653E-4
140.5 3.051199121254653E-4
141.5 3.051199121254653E-4
142.5 3.661438945505584E-4
143.5 4.881918594007445E-4
144.5 5.492158418258376E-4
145.5 6.712638066760237E-4
146.5 7.322877891011168E-4
147.5 0.001037407701226582
148.5 0.0016476475254775128
149.5 0.001952767437602978
150.5 0.0021968633673033503
151.5 0.0023799353145786293
152.5 0.0025019832794288153
153.5 0.0026850552267040947
154.5 0.003173247086104839
155.5 0.0034173430158052115
156.5 0.004332702752181608
157.5 0.004881918594007445
158.5 0.005797278330383841
159.5 0.007322877891011167
160.5 0.00915359736376396
161.5 0.010496124977116007
162.5 0.012265820467443705
163.5 0.01598828339537438
164.5 0.022273753585158967
165.5 0.028559223774943552
166.5 0.0395435406114603
167.5 0.05229755293830475
168.5 0.06975041191188137
169.5 0.09446512479404406
170.5 0.13083541831939952
171.5 0.1591505461646427
172.5 0.19411728809422102
173.5 0.2426923781045951
174.5 0.365228534814182
175.5 0.3895771038017941
176.5 0.40678586684567036
177.5 0.453774333312992
178.5 0.4868493317873924
179.5 0.4735461036187222
180.5 0.5207786660157442
181.5 0.5516568011228413
182.5 0.58686763898212
183.5 0.5604442545920547
184.5 0.5078415817416244
185.5 0.43040214804418137
186.5 0.4194178312076646
187.5 0.37871483493012753
188.5 0.3189723561359614
189.5 0.3007261853908586
190.5 0.2224934399218893
191.5 0.19234759260389334
192.5 0.15255995606273265
193.5 0.12393970830536401
194.5 0.1142979190821993
195.5 0.08811863062183438
196.5 0.07554769024226521
197.5 0.06645511686092634
198.5 0.054494416305608105
199.5 0.04424238725819247
200.5 0.03527186184170379
201.5 0.030023799353145787
202.5 0.02691157624946604
203.5 0.02392140111063648
204.5 0.0211142979190822
205.5 0.017819002868127175
206.5 0.015011899676572894
207.5 0.012265820467443705
208.5 0.009824861170439982
209.5 0.007627997803136633
210.5 0.006041374260084213
211.5 0.005003966558857631
212.5 0.004515774699456887
213.5 0.004332702752181608
214.5 0.0036614389455055835
215.5 0.003234271068529932
216.5 0.0026240312442790017
217.5 0.0023799353145786293
218.5 0.0021968633673033503
219.5 0.002013791420028071
220.5 0.001952767437602978
221.5 0.0017086715079026058
222.5 0.0014035515957771404
223.5 0.0012204796485018612
224.5 0.0010984316836516752
225.5 0.0012204796485018612
226.5 0.0012204796485018612
227.5 0.0014035515957771404
228.5 0.0016476475254775128
229.5 0.0015866235430524196
230.5 0.0013425276133520474
231.5 0.0012204796485018612
232.5 0.0010984316836516752
233.5 0.001037407701226582
234.5 9.153597363763959E-4
235.5 7.322877891011168E-4
236.5 7.322877891011168E-4
237.5 6.712638066760237E-4
238.5 6.102398242509306E-4
239.5 5.492158418258376E-4
240.5 5.492158418258376E-4
241.5 4.881918594007445E-4
242.5 4.881918594007445E-4
243.5 4.881918594007445E-4
244.5 4.881918594007445E-4
245.5 5.492158418258376E-4
246.5 5.492158418258376E-4
247.5 6.102398242509306E-4
248.5 6.102398242509306E-4
249.5 6.712638066760237E-4
250.5 7.322877891011168E-4
251.5 7.322877891011168E-4
252.5 8.543357539513029E-4
253.5 0.001037407701226582
254.5 0.0012204796485018612
255.5 0.001891743455177885
256.5 0.0021358393848782574
257.5 0.0021968633673033503
258.5 0.0023799353145786293
259.5 0.0026240312442790017
260.5 0.003112223103679746
261.5 0.0034173430158052115
262.5 0.003844510892780863
263.5 0.004454750717031794
264.5 0.004698846646732166
265.5 0.0054311344358332824
266.5 0.006712638066760237
267.5 0.007627997803136633
268.5 0.009092573381338866
269.5 0.010313053029840728
270.5 0.011838652590468055
271.5 0.013974491975346311
272.5 0.01598828339537438
273.5 0.018856410569353756
274.5 0.024775736864587783
275.5 0.03270885457984988
276.5 0.04424238725819247
277.5 0.061512174284493806
278.5 0.0686519802282297
279.5 0.07554769024226521
280.5 0.12040031732470861
281.5 0.17172148654421188
282.5 0.23976322694819063
283.5 0.3925062549581986
284.5 0.4907548666625984
285.5 0.6001708671507903
286.5 0.6551534753157991
287.5 0.7172148654421188
288.5 0.7751266247635321
289.5 0.9864526759016293
290.5 0.9519741258314518
291.5 0.8938792945627632
292.5 1.0
293.5 0.8664795264538964
294.5 0.8063709037651797
295.5 0.8493317873924452
296.5 0.7674376029779704
297.5 0.7313114053823152
298.5 0.6998840544333923
299.5 0.6716299505705743
300.5 0.6120705437236834
301.5 0.6305608103984867
302.5 0.5470189784585342
303.5 0.503630926954293
304.5 0.4036736437419906
305.5 0.36187221578080186
306.5 0.3237932507475438
307.5 0.23518642826630867
308.5 0.18056996399585037
309.5 0.16372734484652468
310.5 0.12802831512784524
311.5 0.09647891621407213
312.5 0.08836272655153475
313.5 0.07341185085738695
314.5 0.05547080002440959
315.5 0.045829010801244886
316.5 0.038384084945383534
317.5 0.03191554280832367
318.5 0.025385976688838713
319.5 0.021175321901507293
320.5 0.016415451272350032
321.5 0.013791420028071032
322.5 0.011533532678342588
323.5 0.009336669311039238
324.5 0.007078781961310795
325.5 0.0052480624885580035
326.5 0.004515774699456887
327.5 0.004027582840056142
328.5 0.0034173430158052115
329.5 0.0026850552267040947
330.5 0.0023799353145786293
331.5 0.0021968633673033503
332.5 0.001891743455177885
333.5 0.0012204796485018612
334.5 0.001037407701226582
335.5 8.543357539513029E-4
336.5 7.322877891011168E-4
337.5 7.322877891011168E-4
338.5 6.712638066760237E-4
339.5 6.712638066760237E-4
340.5 5.492158418258376E-4
341.5 5.492158418258376E-4
342.5 4.2716787697565144E-4
343.5 3.051199121254653E-4
344.5 3.051199121254653E-4
345.5 2.4409592970037224E-4
346.5 1.830719472752792E-4
347.5 1.830719472752792E-4
348.5 1.830719472752792E-4
349.5 1.2204796485018612E-4
350.5 1.2204796485018612E-4
351.5 1.2204796485018612E-4
352.5 1.2204796485018612E-4
353.5 1.2204796485018612E-4
354.5 1.2204796485018612E-4
355.5 1.2204796485018612E-4
356.5 1.2204796485018612E-4
357.5 1.2204796485018612E-4
358.5 1.2204796485018612E-4
359.5 1.2204796485018612E-4
