# Table name/description: "Top8000 Ile"
# Number of dimensions: 2
# For each dimension, 1 to 2: lower_bound  upper_bound  number_of_bins  wrapping
#   x1: 0.0 360.0 72 true
#   x2: 0.0 360.0 72 true
# List of table coordinates and values. (Value is last number on each line.)
17.5 167.5 2.8444242174277872E-5
17.5 172.5 5.6888484348555744E-5
17.5 177.5 5.6888484348555744E-5
17.5 182.5 5.6888484348555744E-5
17.5 187.5 5.6888484348555744E-5
17.5 192.5 1.4222121087138936E-5
22.5 57.5 5.6888484348555744E-5
22.5 62.5 9.955484760997256E-5
22.5 67.5 9.955484760997256E-5
22.5 72.5 9.955484760997256E-5
22.5 77.5 9.955484760997256E-5
22.5 82.5 5.6888484348555744E-5
22.5 87.5 5.6888484348555744E-5
22.5 92.5 4.2666363261416805E-5
22.5 97.5 2.8444242174277872E-5
22.5 157.5 5.6888484348555744E-5
22.5 162.5 9.955484760997256E-5
22.5 167.5 9.955484760997256E-5
22.5 172.5 9.955484760997256E-5
22.5 177.5 9.955484760997256E-5
22.5 182.5 9.955484760997256E-5
22.5 187.5 9.955484760997256E-5
22.5 192.5 5.6888484348555744E-5
22.5 197.5 4.2666363261416805E-5
27.5 52.5 9.955484760997256E-5
27.5 57.5 2.4177605848136192E-4
27.5 62.5 2.844424217427787E-4
27.5 67.5 3.128866639170566E-4
27.5 72.5 2.844424217427787E-4
27.5 77.5 2.5599817956850087E-4
27.5 82.5 2.1333181630708403E-4
27.5 87.5 1.4222121087138935E-4
27.5 92.5 9.955484760997256E-5
27.5 97.5 9.955484760997256E-5
27.5 102.5 9.955484760997256E-5
27.5 107.5 7.111060543569468E-5
27.5 112.5 5.6888484348555744E-5
27.5 117.5 4.2666363261416805E-5
27.5 122.5 1.4222121087138936E-5
27.5 127.5 2.8444242174277872E-5
27.5 132.5 4.2666363261416805E-5
27.5 137.5 4.2666363261416805E-5
27.5 142.5 2.8444242174277872E-5
27.5 147.5 4.2666363261416805E-5
27.5 152.5 9.955484760997256E-5
27.5 157.5 2.2755393739422298E-4
27.5 162.5 2.844424217427787E-4
27.5 167.5 3.839972693527513E-4
27.5 172.5 3.839972693527513E-4
27.5 177.5 2.844424217427787E-4
27.5 182.5 2.1333181630708403E-4
27.5 187.5 9.955484760997256E-5
27.5 192.5 9.955484760997256E-5
27.5 197.5 5.6888484348555744E-5
27.5 202.5 1.4222121087138936E-5
32.5 47.5 1.564433319585283E-4
32.5 52.5 3.6977514826561233E-4
32.5 57.5 7.964387808797804E-4
32.5 62.5 0.0011519918080582538
32.5 67.5 0.0012657687767553653
32.5 72.5 0.0012373245345810874
32.5 77.5 0.0010239927182740035
32.5 82.5 7.395502965312247E-4
32.5 87.5 4.2666363261416806E-4
32.5 92.5 2.5599817956850087E-4
32.5 97.5 1.991096952199451E-4
32.5 102.5 1.8488757413280616E-4
32.5 107.5 1.2799908978425043E-4
32.5 112.5 9.955484760997256E-5
32.5 117.5 9.955484760997256E-5
32.5 122.5 9.955484760997256E-5
32.5 127.5 9.955484760997256E-5
32.5 132.5 9.955484760997256E-5
32.5 137.5 9.955484760997256E-5
32.5 142.5 9.955484760997256E-5
32.5 147.5 1.991096952199451E-4
32.5 152.5 4.2666363261416806E-4
32.5 157.5 8.106609019669194E-4
32.5 162.5 0.0012657687767553653
32.5 167.5 0.0016782102882823943
32.5 172.5 0.0016497660461081167
32.5 177.5 0.0011662139291453927
32.5 182.5 6.968839332698078E-4
32.5 187.5 2.5599817956850087E-4
32.5 192.5 9.955484760997256E-5
32.5 197.5 5.6888484348555744E-5
32.5 202.5 4.2666363261416805E-5
32.5 262.5 4.2666363261416805E-5
32.5 267.5 5.6888484348555744E-5
32.5 272.5 5.6888484348555744E-5
32.5 277.5 5.6888484348555744E-5
32.5 282.5 5.6888484348555744E-5
32.5 287.5 1.4222121087138936E-5
37.5 42.5 9.955484760997256E-5
37.5 47.5 3.128866639170566E-4
37.5 52.5 0.0010097705971868645
37.5 57.5 0.0018062093780666449
37.5 62.5 0.002830202096340648
37.5 67.5 0.0032426436078676775
37.5 72.5 0.0032426436078676775
37.5 77.5 0.0028017578541663702
37.5 82.5 0.0018915421045894785
37.5 87.5 0.0012942130189296432
37.5 92.5 7.964387808797804E-4
37.5 97.5 4.40885753701307E-4
37.5 102.5 2.5599817956850087E-4
37.5 107.5 2.4177605848136192E-4
37.5 112.5 2.2755393739422298E-4
37.5 117.5 2.1333181630708403E-4
37.5 122.5 2.2755393739422298E-4
37.5 127.5 2.5599817956850087E-4
37.5 132.5 2.5599817956850087E-4
37.5 137.5 2.844424217427787E-4
37.5 142.5 4.40885753701307E-4
37.5 147.5 7.964387808797804E-4
37.5 152.5 0.0014933227141495883
37.5 157.5 0.0027590914909049534
37.5 162.5 0.00426663632614168
37.5 167.5 0.005959068735511214
37.5 172.5 0.006186622672905437
37.5 177.5 0.004565300868971598
37.5 182.5 0.0023750942215522023
37.5 187.5 8.106609019669194E-4
37.5 192.5 2.5599817956850087E-4
37.5 197.5 9.955484760997256E-5
37.5 202.5 5.6888484348555744E-5
37.5 207.5 1.4222121087138936E-5
37.5 257.5 5.6888484348555744E-5
37.5 262.5 5.6888484348555744E-5
37.5 267.5 9.955484760997256E-5
37.5 272.5 9.955484760997256E-5
37.5 277.5 9.955484760997256E-5
37.5 282.5 9.955484760997256E-5
37.5 287.5 7.111060543569468E-5
37.5 292.5 5.6888484348555744E-5
42.5 42.5 1.8488757413280616E-4
42.5 47.5 7.253281754440857E-4
42.5 52.5 0.0016782102882823943
42.5 57.5 0.0031999772446062607
42.5 62.5 0.004622189353320154
42.5 67.5 0.005774181161378408
42.5 72.5 0.005987512977685492
42.5 77.5 0.005262184802241407
42.5 82.5 0.0042239699628802635
42.5 87.5 0.0032426436078676775
42.5 92.5 0.00200531907328659
42.5 97.5 0.0011662139291453927
42.5 102.5 7.253281754440857E-4
42.5 107.5 4.977742380498628E-4
42.5 112.5 4.40885753701307E-4
42.5 117.5 3.982193904398902E-4
42.5 122.5 4.5510787478844595E-4
42.5 127.5 6.6843969109553E-4
42.5 132.5 7.964387808797804E-4
42.5 137.5 0.00106665908153542
42.5 142.5 0.0016070996828466998
42.5 147.5 0.002687980885469259
42.5 152.5 0.004622189353320154
42.5 157.5 0.010325259909262868
42.5 162.5 0.017393654089570918
42.5 167.5 0.021987399200716795
42.5 172.5 0.021688734657886878
42.5 177.5 0.017592763784790865
42.5 182.5 0.010111928092955783
42.5 187.5 0.0032141993656933997
42.5 192.5 0.0010097705971868645
42.5 197.5 2.844424217427787E-4
42.5 202.5 1.991096952199451E-4
42.5 207.5 9.955484760997256E-5
42.5 212.5 4.2666363261416805E-5
42.5 252.5 5.6888484348555744E-5
42.5 257.5 9.955484760997256E-5
42.5 262.5 9.955484760997256E-5
42.5 267.5 1.1377696869711149E-4
42.5 272.5 1.8488757413280616E-4
42.5 277.5 1.8488757413280616E-4
42.5 282.5 1.564433319585283E-4
42.5 287.5 9.955484760997256E-5
42.5 292.5 9.955484760997256E-5
42.5 297.5 5.6888484348555744E-5
47.5 37.5 5.6888484348555744E-5
47.5 42.5 2.2755393739422298E-4
47.5 47.5 8.81771507402614E-4
47.5 52.5 0.002204428768506535
47.5 57.5 0.004053304509834597
47.5 62.5 0.006229289036166854
47.5 67.5 0.008206163867279166
47.5 72.5 0.009201712343378892
47.5 77.5 0.008959936284897529
47.5 82.5 0.008063942656407776
47.5 87.5 0.006741285395303855
47.5 92.5 0.00480707692745296
47.5 97.5 0.003171533002431983
47.5 102.5 0.0018062093780666449
47.5 107.5 0.0012231024134939485
47.5 112.5 9.955484760997256E-4
47.5 117.5 8.81771507402614E-4
47.5 122.5 9.528821128383087E-4
47.5 127.5 0.0011804360502325317
47.5 132.5 0.001749320893718089
47.5 137.5 0.002687980885469259
47.5 142.5 0.003854194814614652
47.5 147.5 0.007295948117702274
47.5 152.5 0.01588610925433419
47.5 157.5 0.025898482499680003
47.5 162.5 0.04440146203404776
47.5 167.5 0.06148222945970162
47.5 172.5 0.06263422126775987
47.5 177.5 0.04634989262298579
47.5 182.5 0.025486040988152974
47.5 187.5 0.010993699600358398
47.5 192.5 0.0031999772446062607
47.5 197.5 0.0011662139291453927
47.5 202.5 5.831069645726964E-4
47.5 207.5 2.5599817956850087E-4
47.5 212.5 9.955484760997256E-5
47.5 217.5 4.2666363261416805E-5
47.5 247.5 5.6888484348555744E-5
47.5 252.5 7.111060543569468E-5
47.5 257.5 9.955484760997256E-5
47.5 262.5 1.8488757413280616E-4
47.5 267.5 1.991096952199451E-4
47.5 272.5 2.1333181630708403E-4
47.5 277.5 2.2755393739422298E-4
47.5 282.5 2.2755393739422298E-4
47.5 287.5 2.1333181630708403E-4
47.5 292.5 1.8488757413280616E-4
47.5 297.5 1.1377696869711149E-4
47.5 302.5 9.955484760997256E-5
47.5 307.5 4.2666363261416805E-5
52.5 37.5 5.6888484348555744E-5
52.5 42.5 2.2755393739422298E-4
52.5 47.5 8.533272652283361E-4
52.5 52.5 0.002204428768506535
52.5 57.5 0.004067526630921736
52.5 62.5 0.006456842973561077
52.5 67.5 0.008632827499893334
52.5 72.5 0.01042481475687284
52.5 77.5 0.011278142022101176
52.5 82.5 0.012103025045155234
52.5 87.5 0.012088802924068096
52.5 92.5 0.01042481475687284
52.5 97.5 0.006798173879652411
52.5 102.5 0.003953749662224624
52.5 107.5 0.002460426948075036
52.5 112.5 0.0017066545304566722
52.5 117.5 0.0014648784719753104
52.5 122.5 0.001535989077411005
52.5 127.5 0.0018915421045894785
52.5 132.5 0.0029724233072120376
52.5 137.5 0.00426663632614168
52.5 142.5 0.007765278113577859
52.5 147.5 0.016497660461081167
52.5 152.5 0.030421117005390182
52.5 157.5 0.05977557492924495
52.5 162.5 0.11518495868473824
52.5 167.5 0.17473297967658896
52.5 172.5 0.19514172343663333
52.5 177.5 0.13637591910457525
52.5 182.5 0.0588084706953195
52.5 187.5 0.022257619501372436
52.5 192.5 0.007950165687710665
52.5 197.5 0.002901312701776343
52.5 202.5 0.0011662139291453927
52.5 207.5 5.973290856598353E-4
52.5 212.5 2.2755393739422298E-4
52.5 217.5 9.955484760997256E-5
52.5 222.5 2.8444242174277872E-5
52.5 242.5 2.8444242174277872E-5
52.5 247.5 5.6888484348555744E-5
52.5 252.5 9.955484760997256E-5
52.5 257.5 1.2799908978425043E-4
52.5 262.5 1.991096952199451E-4
52.5 267.5 2.5599817956850087E-4
52.5 272.5 2.5599817956850087E-4
52.5 277.5 2.844424217427787E-4
52.5 282.5 2.844424217427787E-4
52.5 287.5 2.844424217427787E-4
52.5 292.5 2.5599817956850087E-4
52.5 297.5 2.1333181630708403E-4
52.5 302.5 1.8488757413280616E-4
52.5 307.5 9.955484760997256E-5
52.5 312.5 5.6888484348555744E-5
57.5 37.5 5.6888484348555744E-5
57.5 42.5 2.1333181630708403E-4
57.5 47.5 6.968839332698078E-4
57.5 52.5 0.0016782102882823943
57.5 57.5 0.0032141993656933997
57.5 62.5 0.004935076017237211
57.5 67.5 0.006983061453785217
57.5 72.5 0.00908793537468178
57.5 77.5 0.011548362322756816
57.5 82.5 0.014279009571487492
57.5 87.5 0.015957219859769885
57.5 92.5 0.015175003199977244
57.5 97.5 0.011562584443843955
57.5 102.5 0.006741285395303855
57.5 107.5 0.003768862088091818
57.5 112.5 0.0025599817956850086
57.5 117.5 0.0018915421045894785
57.5 122.5 0.0019057642256766175
57.5 127.5 0.00267375876438212
57.5 132.5 0.0036266408772204287
57.5 137.5 0.005688848434855574
57.5 142.5 0.011932359592109568
57.5 147.5 0.02380783069987058
57.5 152.5 0.05054541834369178
57.5 157.5 0.1137485244549372
57.5 162.5 0.22601794831681196
57.5 167.5 0.34067668852132604
57.5 172.5 0.4008789270831852
57.5 177.5 0.28391620326255457
57.5 182.5 0.1243013383015943
57.5 187.5 0.040789043277914466
57.5 192.5 0.016668325914126834
57.5 197.5 0.004821299048540099
57.5 202.5 0.0018062093780666449
57.5 207.5 8.533272652283361E-4
57.5 212.5 3.128866639170566E-4
57.5 217.5 1.8488757413280616E-4
57.5 222.5 5.6888484348555744E-5
57.5 227.5 1.4222121087138936E-5
57.5 237.5 1.4222121087138936E-5
57.5 242.5 5.6888484348555744E-5
57.5 247.5 5.6888484348555744E-5
57.5 252.5 9.955484760997256E-5
57.5 257.5 1.8488757413280616E-4
57.5 262.5 2.2755393739422298E-4
57.5 267.5 2.5599817956850087E-4
57.5 272.5 3.128866639170566E-4
57.5 277.5 3.6977514826561233E-4
57.5 282.5 3.982193904398902E-4
57.5 287.5 3.839972693527513E-4
57.5 292.5 3.128866639170566E-4
57.5 297.5 2.5599817956850087E-4
57.5 302.5 2.1333181630708403E-4
57.5 307.5 1.8488757413280616E-4
57.5 312.5 9.955484760997256E-5
57.5 317.5 4.2666363261416805E-5
62.5 37.5 4.2666363261416805E-5
62.5 42.5 1.2799908978425043E-4
62.5 47.5 2.844424217427787E-4
62.5 52.5 9.955484760997256E-4
62.5 57.5 0.0018204314991537838
62.5 62.5 0.0030293117915605934
62.5 67.5 0.004110192994183153
62.5 72.5 0.005831069645726964
62.5 77.5 0.009429266280773115
62.5 82.5 0.01348257079060771
62.5 87.5 0.01629855076586122
62.5 92.5 0.016341217129122638
62.5 97.5 0.013354571700823461
62.5 102.5 0.008405273562499111
62.5 107.5 0.004551078747884459
62.5 112.5 0.0030008675493863155
62.5 117.5 0.0022897614950293686
62.5 122.5 0.002204428768506535
62.5 127.5 0.0028017578541663702
62.5 132.5 0.0036977514826561234
62.5 137.5 0.005831069645726964
62.5 142.5 0.013027462915819266
62.5 147.5 0.0269935858233897
62.5 152.5 0.058481361910315305
62.5 157.5 0.1334746064027989
62.5 162.5 0.25820260833700737
62.5 167.5 0.41739080966535347
62.5 172.5 0.49842845561987115
62.5 177.5 0.3673147213175373
62.5 182.5 0.17154722455306984
62.5 187.5 0.054684055580049205
62.5 192.5 0.02083540739265854
62.5 197.5 0.006584842063345328
62.5 202.5 0.0019342084678508954
62.5 207.5 0.0010239927182740035
62.5 212.5 4.693299958755849E-4
62.5 217.5 2.1333181630708403E-4
62.5 222.5 9.955484760997256E-5
62.5 227.5 5.6888484348555744E-5
62.5 232.5 2.8444242174277872E-5
62.5 237.5 2.8444242174277872E-5
62.5 242.5 5.6888484348555744E-5
62.5 247.5 8.533272652283361E-5
62.5 252.5 9.955484760997256E-5
62.5 257.5 1.991096952199451E-4
62.5 262.5 2.5599817956850087E-4
62.5 267.5 2.844424217427787E-4
62.5 272.5 3.839972693527513E-4
62.5 277.5 4.693299958755849E-4
62.5 282.5 5.831069645726964E-4
62.5 287.5 5.688848434855574E-4
62.5 292.5 4.5510787478844595E-4
62.5 297.5 3.2710878500419554E-4
62.5 302.5 2.5599817956850087E-4
62.5 307.5 2.1333181630708403E-4
62.5 312.5 9.955484760997256E-5
62.5 317.5 5.6888484348555744E-5
67.5 42.5 9.955484760997256E-5
67.5 47.5 1.991096952199451E-4
67.5 52.5 3.555530271784734E-4
67.5 57.5 8.106609019669194E-4
67.5 62.5 0.001351101503278199
67.5 67.5 0.0019342084678508954
67.5 72.5 0.0031999772446062607
67.5 77.5 0.005262184802241407
67.5 82.5 0.009841707792300144
67.5 87.5 0.013155462005603516
67.5 92.5 0.013866568059960463
67.5 97.5 0.01149147383840826
67.5 102.5 0.007423947207486525
67.5 107.5 0.0042097478417931255
67.5 112.5 0.0028017578541663702
67.5 117.5 0.0019342084678508954
67.5 122.5 0.0018915421045894785
67.5 127.5 0.0023466499793779244
67.5 132.5 0.003171533002431983
67.5 137.5 0.004593745111145876
67.5 142.5 0.010097705971868645
67.5 147.5 0.022214953138111018
67.5 152.5 0.04676233413451282
67.5 157.5 0.09769174974755736
67.5 162.5 0.1827115896064739
67.5 167.5 0.28602107718345116
67.5 172.5 0.3507601723721076
67.5 177.5 0.2767055878713751
67.5 182.5 0.14280431783596206
67.5 187.5 0.05054541834369178
67.5 192.5 0.020081634975040178
67.5 197.5 0.005831069645726964
67.5 202.5 0.0018915421045894785
67.5 207.5 0.0010097705971868645
67.5 212.5 4.977742380498628E-4
67.5 217.5 2.2755393739422298E-4
67.5 222.5 9.955484760997256E-5
67.5 227.5 5.6888484348555744E-5
67.5 232.5 4.2666363261416805E-5
67.5 237.5 2.8444242174277872E-5
67.5 242.5 5.6888484348555744E-5
67.5 247.5 7.111060543569468E-5
67.5 252.5 9.955484760997256E-5
67.5 257.5 1.991096952199451E-4
67.5 262.5 2.5599817956850087E-4
67.5 267.5 2.844424217427787E-4
67.5 272.5 4.40885753701307E-4
67.5 277.5 5.831069645726964E-4
67.5 282.5 6.6843969109553E-4
67.5 287.5 6.6843969109553E-4
67.5 292.5 5.831069645726964E-4
67.5 297.5 3.982193904398902E-4
67.5 302.5 2.844424217427787E-4
67.5 307.5 2.2755393739422298E-4
67.5 312.5 1.8488757413280616E-4
67.5 317.5 9.955484760997256E-5
67.5 322.5 2.8444242174277872E-5
72.5 47.5 9.955484760997256E-5
72.5 52.5 1.8488757413280616E-4
72.5 57.5 2.5599817956850087E-4
72.5 62.5 4.40885753701307E-4
72.5 67.5 7.964387808797804E-4
72.5 72.5 0.0013937678665396156
72.5 77.5 0.0027306472487306755
72.5 82.5 0.004565300868971598
72.5 87.5 0.007096838422482329
72.5 92.5 0.008092386898582054
72.5 97.5 0.0069403950905238005
72.5 102.5 0.004593745111145876
72.5 107.5 0.0030293117915605934
72.5 112.5 0.0018773199835023396
72.5 117.5 0.0015928775617595609
72.5 122.5 0.001535989077411005
72.5 127.5 0.0016782102882823943
72.5 132.5 0.0019342084678508954
72.5 137.5 0.003086200275909149
72.5 142.5 0.005162629954631434
72.5 147.5 0.01348257079060771
72.5 152.5 0.02565670644119864
72.5 157.5 0.04912320623497789
72.5 162.5 0.0830287429067171
72.5 167.5 0.127956423420989
72.5 172.5 0.15647177620070257
72.5 177.5 0.13125595551320524
72.5 182.5 0.07234792997027577
72.5 187.5 0.03306643152759803
72.5 192.5 0.01483367229388591
72.5 197.5 0.004095970873096014
72.5 202.5 0.0016355439250209777
72.5 207.5 8.106609019669194E-4
72.5 212.5 3.982193904398902E-4
72.5 217.5 2.1333181630708403E-4
72.5 222.5 9.955484760997256E-5
72.5 227.5 5.6888484348555744E-5
72.5 232.5 4.2666363261416805E-5
72.5 237.5 2.8444242174277872E-5
72.5 242.5 4.2666363261416805E-5
72.5 247.5 5.6888484348555744E-5
72.5 252.5 9.955484760997256E-5
72.5 257.5 1.8488757413280616E-4
72.5 262.5 2.4177605848136192E-4
72.5 267.5 2.844424217427787E-4
72.5 272.5 3.839972693527513E-4
72.5 277.5 5.404406013112795E-4
72.5 282.5 6.399954489212521E-4
72.5 287.5 6.6843969109553E-4
72.5 292.5 5.831069645726964E-4
72.5 297.5 3.982193904398902E-4
72.5 302.5 2.844424217427787E-4
72.5 307.5 2.5599817956850087E-4
72.5 312.5 1.8488757413280616E-4
72.5 317.5 9.955484760997256E-5
72.5 322.5 5.6888484348555744E-5
77.5 52.5 4.2666363261416805E-5
77.5 57.5 9.955484760997256E-5
77.5 62.5 9.955484760997256E-5
77.5 67.5 2.1333181630708403E-4
77.5 72.5 4.40885753701307E-4
77.5 77.5 9.528821128383087E-4
77.5 82.5 0.001749320893718089
77.5 87.5 0.0028017578541663702
77.5 92.5 0.0031999772446062607
77.5 97.5 0.0030008675493863155
77.5 102.5 0.002204428768506535
77.5 107.5 0.0014933227141495883
77.5 112.5 0.00106665908153542
77.5 117.5 0.0010097705971868645
77.5 122.5 0.0010097705971868645
77.5 127.5 0.0010239927182740035
77.5 132.5 0.0011662139291453927
77.5 137.5 0.001578655440672422
77.5 142.5 0.0025457596745978696
77.5 147.5 0.004735966322017266
77.5 152.5 0.010979477479271258
77.5 157.5 0.020138523459388734
77.5 162.5 0.02966734458777182
77.5 167.5 0.04037660176638744
77.5 172.5 0.046790778376687096
77.5 177.5 0.043519690526645144
77.5 182.5 0.030378450642128768
77.5 187.5 0.01725143287869953
77.5 192.5 0.007253281754440857
77.5 197.5 0.0027306472487306755
77.5 202.5 0.0011519918080582538
77.5 207.5 6.6843969109553E-4
77.5 212.5 2.844424217427787E-4
77.5 217.5 1.8488757413280616E-4
77.5 222.5 9.955484760997256E-5
77.5 227.5 5.6888484348555744E-5
77.5 232.5 1.4222121087138936E-5
77.5 242.5 1.4222121087138936E-5
77.5 247.5 5.6888484348555744E-5
77.5 252.5 9.955484760997256E-5
77.5 257.5 1.1377696869711149E-4
77.5 262.5 2.1333181630708403E-4
77.5 267.5 2.5599817956850087E-4
77.5 272.5 3.128866639170566E-4
77.5 277.5 4.2666363261416806E-4
77.5 282.5 4.693299958755849E-4
77.5 287.5 4.977742380498628E-4
77.5 292.5 4.5510787478844595E-4
77.5 297.5 3.555530271784734E-4
77.5 302.5 2.844424217427787E-4
77.5 307.5 2.2755393739422298E-4
77.5 312.5 1.8488757413280616E-4
77.5 317.5 9.955484760997256E-5
77.5 322.5 4.2666363261416805E-5
82.5 67.5 5.6888484348555744E-5
82.5 72.5 1.1377696869711149E-4
82.5 77.5 2.5599817956850087E-4
82.5 82.5 3.839972693527513E-4
82.5 87.5 7.253281754440857E-4
82.5 92.5 8.533272652283361E-4
82.5 97.5 7.964387808797804E-4
82.5 102.5 7.253281754440857E-4
82.5 107.5 6.399954489212521E-4
82.5 112.5 5.262184802241407E-4
82.5 117.5 4.977742380498628E-4
82.5 122.5 4.693299958755849E-4
82.5 127.5 4.977742380498628E-4
82.5 132.5 6.257733278341132E-4
82.5 137.5 7.253281754440857E-4
82.5 142.5 0.0010097705971868645
82.5 147.5 0.001777765135892367
82.5 152.5 0.0032995320922162333
82.5 157.5 0.005973290856598353
82.5 162.5 0.010510147483395673
82.5 167.5 0.013511015032781988
82.5 172.5 0.015686999559114245
82.5 177.5 0.015260335926500078
82.5 182.5 0.010979477479271258
82.5 187.5 0.006058623583121187
82.5 192.5 0.003086200275909149
82.5 197.5 0.0012799908978425043
82.5 202.5 6.968839332698078E-4
82.5 207.5 2.844424217427787E-4
82.5 212.5 2.1333181630708403E-4
82.5 217.5 9.955484760997256E-5
82.5 222.5 5.6888484348555744E-5
82.5 227.5 4.2666363261416805E-5
82.5 252.5 5.6888484348555744E-5
82.5 257.5 9.955484760997256E-5
82.5 262.5 1.8488757413280616E-4
82.5 267.5 2.1333181630708403E-4
82.5 272.5 2.5599817956850087E-4
82.5 277.5 2.844424217427787E-4
82.5 282.5 3.4133090609133444E-4
82.5 287.5 3.555530271784734E-4
82.5 292.5 3.128866639170566E-4
82.5 297.5 2.844424217427787E-4
82.5 302.5 2.5599817956850087E-4
82.5 307.5 2.1333181630708403E-4
82.5 312.5 1.1377696869711149E-4
82.5 317.5 9.955484760997256E-5
87.5 72.5 1.4222121087138936E-5
87.5 77.5 9.955484760997256E-5
87.5 82.5 9.955484760997256E-5
87.5 87.5 1.8488757413280616E-4
87.5 92.5 1.991096952199451E-4
87.5 97.5 1.991096952199451E-4
87.5 102.5 1.991096952199451E-4
87.5 107.5 1.991096952199451E-4
87.5 112.5 2.1333181630708403E-4
87.5 117.5 2.1333181630708403E-4
87.5 122.5 2.1333181630708403E-4
87.5 127.5 2.4177605848136192E-4
87.5 132.5 2.5599817956850087E-4
87.5 137.5 2.5599817956850087E-4
87.5 142.5 3.6977514826561233E-4
87.5 147.5 7.253281754440857E-4
87.5 152.5 0.0012657687767553653
87.5 157.5 0.002019541194373729
87.5 162.5 0.0031999772446062607
87.5 167.5 0.003839972693527513
87.5 172.5 0.003996416025486041
87.5 177.5 0.0037404178459175402
87.5 182.5 0.0030577560337348712
87.5 187.5 0.0018915421045894785
87.5 192.5 0.0010382148393611424
87.5 197.5 5.404406013112795E-4
87.5 202.5 2.5599817956850087E-4
87.5 207.5 1.991096952199451E-4
87.5 212.5 9.955484760997256E-5
87.5 217.5 9.955484760997256E-5
87.5 222.5 5.6888484348555744E-5
87.5 257.5 5.6888484348555744E-5
87.5 262.5 9.955484760997256E-5
87.5 267.5 1.1377696869711149E-4
87.5 272.5 1.991096952199451E-4
87.5 277.5 2.2755393739422298E-4
87.5 282.5 2.5599817956850087E-4
87.5 287.5 2.5599817956850087E-4
87.5 292.5 2.5599817956850087E-4
87.5 297.5 2.4177605848136192E-4
87.5 302.5 2.1333181630708403E-4
87.5 307.5 1.8488757413280616E-4
87.5 312.5 9.955484760997256E-5
87.5 317.5 5.6888484348555744E-5
92.5 82.5 4.2666363261416805E-5
92.5 87.5 5.6888484348555744E-5
92.5 92.5 7.111060543569468E-5
92.5 97.5 7.111060543569468E-5
92.5 102.5 7.111060543569468E-5
92.5 107.5 9.955484760997256E-5
92.5 112.5 9.955484760997256E-5
92.5 117.5 9.955484760997256E-5
92.5 122.5 9.955484760997256E-5
92.5 127.5 1.1377696869711149E-4
92.5 132.5 1.8488757413280616E-4
92.5 137.5 1.991096952199451E-4
92.5 142.5 2.2755393739422298E-4
92.5 147.5 2.844424217427787E-4
92.5 152.5 5.404406013112795E-4
92.5 157.5 7.964387808797804E-4
92.5 162.5 0.00106665908153542
92.5 167.5 0.001351101503278199
92.5 172.5 0.0013937678665396156
92.5 177.5 0.0012373245345810874
92.5 182.5 9.528821128383087E-4
92.5 187.5 6.6843969109553E-4
92.5 192.5 2.844424217427787E-4
92.5 197.5 2.1333181630708403E-4
92.5 202.5 1.1377696869711149E-4
92.5 207.5 9.955484760997256E-5
92.5 212.5 7.111060543569468E-5
92.5 217.5 4.2666363261416805E-5
92.5 262.5 2.8444242174277872E-5
92.5 267.5 5.6888484348555744E-5
92.5 272.5 9.955484760997256E-5
92.5 277.5 1.1377696869711149E-4
92.5 282.5 1.8488757413280616E-4
92.5 287.5 1.8488757413280616E-4
92.5 292.5 1.8488757413280616E-4
92.5 297.5 1.8488757413280616E-4
92.5 302.5 9.955484760997256E-5
92.5 307.5 9.955484760997256E-5
92.5 312.5 5.6888484348555744E-5
97.5 92.5 1.4222121087138936E-5
97.5 97.5 4.2666363261416805E-5
97.5 102.5 5.6888484348555744E-5
97.5 107.5 5.6888484348555744E-5
97.5 112.5 5.6888484348555744E-5
97.5 117.5 5.6888484348555744E-5
97.5 122.5 5.6888484348555744E-5
97.5 127.5 9.955484760997256E-5
97.5 132.5 9.955484760997256E-5
97.5 137.5 9.955484760997256E-5
97.5 142.5 1.4222121087138935E-4
97.5 147.5 1.991096952199451E-4
97.5 152.5 2.2755393739422298E-4
97.5 157.5 2.844424217427787E-4
97.5 162.5 3.6977514826561233E-4
97.5 167.5 5.546627223984185E-4
97.5 172.5 6.399954489212521E-4
97.5 177.5 4.5510787478844595E-4
97.5 182.5 2.844424217427787E-4
97.5 187.5 2.2755393739422298E-4
97.5 192.5 1.8488757413280616E-4
97.5 197.5 9.955484760997256E-5
97.5 202.5 8.533272652283361E-5
97.5 207.5 5.6888484348555744E-5
97.5 277.5 5.6888484348555744E-5
97.5 282.5 7.111060543569468E-5
97.5 287.5 9.955484760997256E-5
97.5 292.5 9.955484760997256E-5
97.5 297.5 9.955484760997256E-5
97.5 302.5 5.6888484348555744E-5
97.5 307.5 4.2666363261416805E-5
102.5 97.5 2.8444242174277872E-5
102.5 102.5 4.2666363261416805E-5
102.5 107.5 5.6888484348555744E-5
102.5 112.5 5.6888484348555744E-5
102.5 117.5 5.6888484348555744E-5
102.5 122.5 5.6888484348555744E-5
102.5 127.5 5.6888484348555744E-5
102.5 132.5 5.6888484348555744E-5
102.5 137.5 5.6888484348555744E-5
102.5 142.5 9.955484760997256E-5
102.5 147.5 9.955484760997256E-5
102.5 152.5 1.1377696869711149E-4
102.5 157.5 1.8488757413280616E-4
102.5 162.5 2.1333181630708403E-4
102.5 167.5 2.1333181630708403E-4
102.5 172.5 2.1333181630708403E-4
102.5 177.5 2.1333181630708403E-4
102.5 182.5 1.8488757413280616E-4
102.5 187.5 9.955484760997256E-5
102.5 192.5 9.955484760997256E-5
102.5 197.5 5.6888484348555744E-5
107.5 102.5 4.2666363261416805E-5
107.5 107.5 4.2666363261416805E-5
107.5 112.5 4.2666363261416805E-5
107.5 117.5 4.2666363261416805E-5
107.5 122.5 4.2666363261416805E-5
107.5 127.5 2.8444242174277872E-5
107.5 132.5 2.8444242174277872E-5
107.5 137.5 4.2666363261416805E-5
107.5 142.5 5.6888484348555744E-5
107.5 147.5 5.6888484348555744E-5
107.5 152.5 9.955484760997256E-5
107.5 157.5 9.955484760997256E-5
107.5 162.5 9.955484760997256E-5
107.5 167.5 9.955484760997256E-5
107.5 172.5 9.955484760997256E-5
107.5 177.5 9.955484760997256E-5
107.5 182.5 5.6888484348555744E-5
107.5 187.5 5.6888484348555744E-5
112.5 102.5 1.4222121087138936E-5
112.5 107.5 4.2666363261416805E-5
112.5 112.5 4.2666363261416805E-5
112.5 117.5 4.2666363261416805E-5
112.5 122.5 2.8444242174277872E-5
112.5 127.5 1.4222121087138936E-5
112.5 147.5 1.4222121087138936E-5
112.5 152.5 4.2666363261416805E-5
112.5 157.5 5.6888484348555744E-5
112.5 162.5 5.6888484348555744E-5
112.5 167.5 5.6888484348555744E-5
112.5 172.5 5.6888484348555744E-5
112.5 177.5 4.2666363261416805E-5
117.5 107.5 2.8444242174277872E-5
117.5 112.5 4.2666363261416805E-5
117.5 117.5 2.8444242174277872E-5
117.5 122.5 2.8444242174277872E-5
117.5 127.5 1.4222121087138936E-5
122.5 112.5 1.4222121087138936E-5
122.5 117.5 1.4222121087138936E-5
122.5 122.5 1.4222121087138936E-5
147.5 57.5 5.6888484348555744E-5
147.5 62.5 5.6888484348555744E-5
147.5 67.5 5.6888484348555744E-5
147.5 72.5 5.6888484348555744E-5
147.5 77.5 4.2666363261416805E-5
147.5 137.5 2.8444242174277872E-5
147.5 142.5 4.2666363261416805E-5
147.5 147.5 5.6888484348555744E-5
147.5 152.5 5.6888484348555744E-5
147.5 157.5 7.111060543569468E-5
147.5 162.5 9.955484760997256E-5
147.5 167.5 9.955484760997256E-5
147.5 172.5 9.955484760997256E-5
147.5 177.5 5.6888484348555744E-5
152.5 52.5 5.6888484348555744E-5
152.5 57.5 9.955484760997256E-5
152.5 62.5 1.7066545304566722E-4
152.5 67.5 1.8488757413280616E-4
152.5 72.5 1.2799908978425043E-4
152.5 77.5 9.955484760997256E-5
152.5 82.5 9.955484760997256E-5
152.5 87.5 5.6888484348555744E-5
152.5 92.5 4.2666363261416805E-5
152.5 117.5 2.8444242174277872E-5
152.5 122.5 5.6888484348555744E-5
152.5 127.5 5.6888484348555744E-5
152.5 132.5 9.955484760997256E-5
152.5 137.5 9.955484760997256E-5
152.5 142.5 9.955484760997256E-5
152.5 147.5 9.955484760997256E-5
152.5 152.5 9.955484760997256E-5
152.5 157.5 1.8488757413280616E-4
152.5 162.5 1.991096952199451E-4
152.5 167.5 1.991096952199451E-4
152.5 172.5 1.8488757413280616E-4
152.5 177.5 9.955484760997256E-5
152.5 182.5 7.111060543569468E-5
152.5 187.5 2.8444242174277872E-5
152.5 267.5 2.8444242174277872E-5
152.5 272.5 2.8444242174277872E-5
157.5 47.5 5.6888484348555744E-5
157.5 52.5 1.8488757413280616E-4
157.5 57.5 2.5599817956850087E-4
157.5 62.5 4.5510787478844595E-4
157.5 67.5 6.399954489212521E-4
157.5 72.5 4.5510787478844595E-4
157.5 77.5 2.844424217427787E-4
157.5 82.5 2.1333181630708403E-4
157.5 87.5 1.564433319585283E-4
157.5 92.5 9.955484760997256E-5
157.5 97.5 9.955484760997256E-5
157.5 102.5 5.6888484348555744E-5
157.5 107.5 5.6888484348555744E-5
157.5 112.5 5.6888484348555744E-5
157.5 117.5 9.955484760997256E-5
157.5 122.5 9.955484760997256E-5
157.5 127.5 1.1377696869711149E-4
157.5 132.5 1.8488757413280616E-4
157.5 137.5 1.8488757413280616E-4
157.5 142.5 1.8488757413280616E-4
157.5 147.5 2.1333181630708403E-4
157.5 152.5 2.5599817956850087E-4
157.5 157.5 3.128866639170566E-4
157.5 162.5 4.2666363261416806E-4
157.5 167.5 5.831069645726964E-4
157.5 172.5 4.5510787478844595E-4
157.5 177.5 2.844424217427787E-4
157.5 182.5 1.991096952199451E-4
157.5 187.5 9.955484760997256E-5
157.5 192.5 4.2666363261416805E-5
157.5 257.5 4.2666363261416805E-5
157.5 262.5 5.6888484348555744E-5
157.5 267.5 5.6888484348555744E-5
157.5 272.5 5.6888484348555744E-5
157.5 277.5 5.6888484348555744E-5
157.5 282.5 4.2666363261416805E-5
162.5 47.5 1.8488757413280616E-4
162.5 52.5 3.6977514826561233E-4
162.5 57.5 9.955484760997256E-4
162.5 62.5 0.0016213218039338388
162.5 67.5 0.001777765135892367
162.5 72.5 0.0014506563508881714
162.5 77.5 9.102157495768919E-4
162.5 82.5 4.693299958755849E-4
162.5 87.5 2.5599817956850087E-4
162.5 92.5 2.1333181630708403E-4
162.5 97.5 1.8488757413280616E-4
162.5 102.5 1.1377696869711149E-4
162.5 107.5 9.955484760997256E-5
162.5 112.5 1.1377696869711149E-4
162.5 117.5 1.8488757413280616E-4
162.5 122.5 2.1333181630708403E-4
162.5 127.5 2.5599817956850087E-4
162.5 132.5 2.5599817956850087E-4
162.5 137.5 2.5599817956850087E-4
162.5 142.5 2.844424217427787E-4
162.5 147.5 5.404406013112795E-4
162.5 152.5 7.964387808797804E-4
162.5 157.5 0.0011662139291453927
162.5 162.5 0.0018488757413280617
162.5 167.5 0.0023466499793779244
162.5 172.5 0.0018630978624152006
162.5 177.5 0.0011662139291453927
162.5 182.5 6.399954489212521E-4
162.5 187.5 2.2755393739422298E-4
162.5 192.5 9.955484760997256E-5
162.5 197.5 5.6888484348555744E-5
162.5 252.5 5.6888484348555744E-5
162.5 257.5 5.6888484348555744E-5
162.5 262.5 9.955484760997256E-5
162.5 267.5 9.955484760997256E-5
162.5 272.5 9.955484760997256E-5
162.5 277.5 9.955484760997256E-5
162.5 282.5 5.6888484348555744E-5
162.5 287.5 5.6888484348555744E-5
167.5 42.5 9.955484760997256E-5
167.5 47.5 3.6977514826561233E-4
167.5 52.5 0.0012088802924068096
167.5 57.5 0.0030577560337348712
167.5 62.5 0.00480707692745296
167.5 67.5 0.0050346308648471835
167.5 72.5 0.003783084209178957
167.5 77.5 0.002232873010680813
167.5 82.5 0.0011519918080582538
167.5 87.5 6.968839332698078E-4
167.5 92.5 3.6977514826561233E-4
167.5 97.5 2.844424217427787E-4
167.5 102.5 2.5599817956850087E-4
167.5 107.5 2.2755393739422298E-4
167.5 112.5 2.2755393739422298E-4
167.5 117.5 2.5599817956850087E-4
167.5 122.5 2.844424217427787E-4
167.5 127.5 3.839972693527513E-4
167.5 132.5 5.404406013112795E-4
167.5 137.5 6.826618121826689E-4
167.5 142.5 7.964387808797804E-4
167.5 147.5 0.001351101503278199
167.5 152.5 0.0025742039167721475
167.5 157.5 0.005091519349195739
167.5 162.5 0.010055039608607227
167.5 167.5 0.012344801103636597
167.5 172.5 0.010040817487520089
167.5 177.5 0.00480707692745296
167.5 182.5 0.0018915421045894785
167.5 187.5 7.253281754440857E-4
167.5 192.5 2.2755393739422298E-4
167.5 197.5 9.955484760997256E-5
167.5 202.5 5.6888484348555744E-5
167.5 247.5 2.8444242174277872E-5
167.5 252.5 5.6888484348555744E-5
167.5 257.5 9.955484760997256E-5
167.5 262.5 9.955484760997256E-5
167.5 267.5 9.955484760997256E-5
167.5 272.5 9.955484760997256E-5
167.5 277.5 9.955484760997256E-5
167.5 282.5 9.955484760997256E-5
167.5 287.5 5.6888484348555744E-5
167.5 292.5 2.8444242174277872E-5
172.5 37.5 9.955484760997256E-5
172.5 42.5 2.844424217427787E-4
172.5 47.5 0.0010239927182740035
172.5 52.5 0.003541308150697595
172.5 57.5 0.01043903687795998
172.5 62.5 0.015502111984981441
172.5 67.5 0.014734117446275938
172.5 72.5 0.009699486581428754
172.5 77.5 0.0044799681424487646
172.5 82.5 0.002389316342639341
172.5 87.5 0.0013653236243653377
172.5 92.5 9.102157495768919E-4
172.5 97.5 6.968839332698078E-4
172.5 102.5 4.5510787478844595E-4
172.5 107.5 3.4133090609133444E-4
172.5 112.5 3.2710878500419554E-4
172.5 117.5 3.982193904398902E-4
172.5 122.5 6.257733278341132E-4
172.5 127.5 7.395502965312247E-4
172.5 132.5 9.528821128383087E-4
172.5 137.5 0.0011662139291453927
172.5 142.5 0.001777765135892367
172.5 147.5 0.0036693072404818455
172.5 152.5 0.009543043249470227
172.5 157.5 0.018645200745239145
172.5 162.5 0.029710010951033237
172.5 167.5 0.036522406951772786
172.5 172.5 0.02864335186949782
172.5 177.5 0.01763543014805228
172.5 182.5 0.006869284485088106
172.5 187.5 0.0018346536202409227
172.5 192.5 4.5510787478844595E-4
172.5 197.5 1.991096952199451E-4
172.5 202.5 9.955484760997256E-5
172.5 207.5 4.2666363261416805E-5
172.5 247.5 5.6888484348555744E-5
172.5 252.5 9.955484760997256E-5
172.5 257.5 9.955484760997256E-5
172.5 262.5 9.955484760997256E-5
172.5 267.5 1.1377696869711149E-4
172.5 272.5 1.1377696869711149E-4
172.5 277.5 9.955484760997256E-5
172.5 282.5 9.955484760997256E-5
172.5 287.5 9.955484760997256E-5
172.5 292.5 5.6888484348555744E-5
177.5 32.5 5.6888484348555744E-5
177.5 37.5 2.2755393739422298E-4
177.5 42.5 8.106609019669194E-4
177.5 47.5 0.0031999772446062607
177.5 52.5 0.013610569880391962
177.5 57.5 0.02567092856228578
177.5 62.5 0.033877092429564944
177.5 67.5 0.02952512337690043
177.5 72.5 0.02003896861177876
177.5 77.5 0.010766145662964174
177.5 82.5 0.004622189353320154
177.5 87.5 0.002901312701776343
177.5 92.5 0.001777765135892367
177.5 97.5 0.0011662139291453927
177.5 102.5 7.964387808797804E-4
177.5 107.5 6.826618121826689E-4
177.5 112.5 6.542175700083911E-4
177.5 117.5 6.968839332698078E-4
177.5 122.5 7.964387808797804E-4
177.5 127.5 0.00106665908153542
177.5 132.5 0.001535989077411005
177.5 137.5 0.0022470951317679518
177.5 142.5 0.0039253054200503465
177.5 147.5 0.010382148393611424
177.5 152.5 0.021190960419837014
177.5 157.5 0.04262369689815539
177.5 162.5 0.07743944931947151
177.5 167.5 0.09892907428213844
177.5 172.5 0.07402614025855817
177.5 177.5 0.03835706057201371
177.5 182.5 0.016554548945429723
177.5 187.5 0.004095970873096014
177.5 192.5 0.0010239927182740035
177.5 197.5 2.844424217427787E-4
177.5 202.5 1.8488757413280616E-4
177.5 207.5 9.955484760997256E-5
177.5 212.5 1.4222121087138936E-5
177.5 247.5 5.6888484348555744E-5
177.5 252.5 9.955484760997256E-5
177.5 257.5 9.955484760997256E-5
177.5 262.5 1.1377696869711149E-4
177.5 267.5 1.564433319585283E-4
177.5 272.5 1.564433319585283E-4
177.5 277.5 1.1377696869711149E-4
177.5 282.5 9.955484760997256E-5
177.5 287.5 9.955484760997256E-5
177.5 292.5 5.6888484348555744E-5
182.5 32.5 1.1377696869711149E-4
182.5 37.5 4.693299958755849E-4
182.5 42.5 0.0019342084678508954
182.5 47.5 0.009784819307951588
182.5 52.5 0.026894030975779727
182.5 57.5 0.05445650164265498
182.5 62.5 0.06995861362763643
182.5 67.5 0.05786981070356833
182.5 72.5 0.03500063999544892
182.5 77.5 0.018943865288069062
182.5 82.5 0.010183038698391478
182.5 87.5 0.005105741470282878
182.5 92.5 0.0031999772446062607
182.5 97.5 0.0018630978624152006
182.5 102.5 0.0011662139291453927
182.5 107.5 8.106609019669194E-4
182.5 112.5 7.537724176183636E-4
182.5 117.5 7.964387808797804E-4
182.5 122.5 0.0010524369604482814
182.5 127.5 0.0014933227141495883
182.5 132.5 0.0022755393739422296
182.5 137.5 0.0035981966350461508
182.5 142.5 0.007537724176183636
182.5 147.5 0.017521653179355168
182.5 152.5 0.03474464181588042
182.5 157.5 0.07318703511441696
182.5 162.5 0.1500433774693158
182.5 167.5 0.1919844125552885
182.5 172.5 0.14601851720165546
182.5 177.5 0.0634448821697268
182.5 182.5 0.0221722867748496
182.5 187.5 0.006001735098772631
182.5 192.5 0.001777765135892367
182.5 197.5 6.6843969109553E-4
182.5 202.5 2.5599817956850087E-4
182.5 207.5 1.8488757413280616E-4
182.5 212.5 9.955484760997256E-5
182.5 247.5 5.6888484348555744E-5
182.5 252.5 9.955484760997256E-5
182.5 257.5 9.955484760997256E-5
182.5 262.5 1.1377696869711149E-4
182.5 267.5 1.8488757413280616E-4
182.5 272.5 1.8488757413280616E-4
182.5 277.5 1.1377696869711149E-4
182.5 282.5 9.955484760997256E-5
182.5 287.5 9.955484760997256E-5
182.5 292.5 5.6888484348555744E-5
187.5 27.5 2.8444242174277872E-5
187.5 32.5 2.1333181630708403E-4
187.5 37.5 7.964387808797804E-4
187.5 42.5 0.003498641787436178
187.5 47.5 0.015971441980857023
187.5 52.5 0.0406183778248688
187.5 57.5 0.08615760954588768
187.5 62.5 0.11945159501087992
187.5 67.5 0.09109268556312489
187.5 72.5 0.04999075562129336
187.5 77.5 0.025557151593588668
187.5 82.5 0.016070996828466997
187.5 87.5 0.008760826589677584
187.5 92.5 0.004579522990058737
187.5 97.5 0.0027306472487306755
187.5 102.5 0.001535989077411005
187.5 107.5 0.0010239927182740035
187.5 112.5 8.106609019669194E-4
187.5 117.5 9.813263550125866E-4
187.5 122.5 0.0012088802924068096
187.5 127.5 0.0017208766515438112
187.5 132.5 0.002858646338514926
187.5 137.5 0.004892409653975794
187.5 142.5 0.010979477479271258
187.5 147.5 0.021304737388534126
187.5 152.5 0.04465746021361626
187.5 157.5 0.09854507701278568
187.5 162.5 0.1909604198370145
187.5 167.5 0.24427915179269835
187.5 172.5 0.1865373401789143
187.5 177.5 0.07910343748666676
187.5 182.5 0.026410478858817005
187.5 187.5 0.007551946297270775
187.5 192.5 0.0025599817956850086
187.5 197.5 9.528821128383087E-4
187.5 202.5 3.2710878500419554E-4
187.5 207.5 2.2755393739422298E-4
187.5 212.5 1.1377696869711149E-4
187.5 217.5 5.6888484348555744E-5
187.5 247.5 5.6888484348555744E-5
187.5 252.5 9.955484760997256E-5
187.5 257.5 9.955484760997256E-5
187.5 262.5 1.1377696869711149E-4
187.5 267.5 1.564433319585283E-4
187.5 272.5 1.564433319585283E-4
187.5 277.5 1.1377696869711149E-4
187.5 282.5 9.955484760997256E-5
187.5 287.5 9.955484760997256E-5
187.5 292.5 5.6888484348555744E-5
192.5 27.5 5.6888484348555744E-5
192.5 32.5 2.2755393739422298E-4
192.5 37.5 8.675493863154751E-4
192.5 42.5 0.0036977514826561234
192.5 47.5 0.016099441070641277
192.5 52.5 0.04159970417988139
192.5 57.5 0.09092202011007922
192.5 62.5 0.12973418855688137
192.5 67.5 0.1062961330052764
192.5 72.5 0.06003157310881345
192.5 77.5 0.031231777907357105
192.5 82.5 0.018801644077197675
192.5 87.5 0.01136347474862401
192.5 92.5 0.0055750714661584625
192.5 97.5 0.0030435339126477323
192.5 102.5 0.0016782102882823943
192.5 107.5 0.0010382148393611424
192.5 112.5 8.533272652283361E-4
192.5 117.5 9.955484760997256E-4
192.5 122.5 0.0012088802924068096
192.5 127.5 0.0016924324093695333
192.5 132.5 0.002901312701776343
192.5 137.5 0.005176852075718573
192.5 142.5 0.011719027775802483
192.5 147.5 0.021830955868758266
192.5 152.5 0.04548234323667032
192.5 157.5 0.09506065734643665
192.5 162.5 0.175145421188116
192.5 167.5 0.22830770981184134
192.5 172.5 0.17914183721360202
192.5 177.5 0.07837810931122267
192.5 182.5 0.029425568529290458
192.5 187.5 0.01002659536643295
192.5 192.5 0.0031857551235191218
192.5 197.5 0.0012088802924068096
192.5 202.5 6.257733278341132E-4
192.5 207.5 2.844424217427787E-4
192.5 212.5 1.991096952199451E-4
192.5 217.5 9.955484760997256E-5
192.5 222.5 4.2666363261416805E-5
192.5 247.5 5.6888484348555744E-5
192.5 252.5 9.955484760997256E-5
192.5 257.5 9.955484760997256E-5
192.5 262.5 9.955484760997256E-5
192.5 267.5 1.1377696869711149E-4
192.5 272.5 1.1377696869711149E-4
192.5 277.5 9.955484760997256E-5
192.5 282.5 9.955484760997256E-5
192.5 287.5 9.955484760997256E-5
192.5 292.5 5.6888484348555744E-5
197.5 27.5 5.6888484348555744E-5
197.5 32.5 1.991096952199451E-4
197.5 37.5 7.111060543569468E-4
197.5 42.5 0.002887090580689204
197.5 47.5 0.011619472928192511
197.5 52.5 0.03073400366930724
197.5 57.5 0.06370088034929529
197.5 62.5 0.09497532461991381
197.5 67.5 0.09041002375094222
197.5 72.5 0.060486680983601895
197.5 77.5 0.03394820303500064
197.5 82.5 0.01938475104177037
197.5 87.5 0.011306586264275454
197.5 92.5 0.005247962681154268
197.5 97.5 0.002901312701776343
197.5 102.5 0.0015217669563238662
197.5 107.5 9.528821128383087E-4
197.5 112.5 7.679945387055025E-4
197.5 117.5 8.533272652283361E-4
197.5 122.5 0.0010524369604482814
197.5 127.5 0.0014648784719753104
197.5 132.5 0.0023750942215522023
197.5 137.5 0.0042239699628802635
197.5 142.5 0.009599931733818783
197.5 147.5 0.018545645897629172
197.5 152.5 0.03606729907698434
197.5 157.5 0.07086882937721332
197.5 162.5 0.1302888512792798
197.5 167.5 0.16582993187604
197.5 172.5 0.136859471221538
197.5 177.5 0.06707152304694722
197.5 182.5 0.02683714249143117
197.5 187.5 0.010808812026225592
197.5 192.5 0.0033706426976519276
197.5 197.5 0.001351101503278199
197.5 202.5 6.968839332698078E-4
197.5 207.5 3.128866639170566E-4
197.5 212.5 2.2755393739422298E-4
197.5 217.5 1.1377696869711149E-4
197.5 222.5 5.6888484348555744E-5
197.5 247.5 1.4222121087138936E-5
197.5 252.5 5.6888484348555744E-5
197.5 257.5 9.955484760997256E-5
197.5 262.5 9.955484760997256E-5
197.5 267.5 9.955484760997256E-5
197.5 272.5 9.955484760997256E-5
197.5 277.5 9.955484760997256E-5
197.5 282.5 9.955484760997256E-5
197.5 287.5 5.6888484348555744E-5
197.5 292.5 4.2666363261416805E-5
202.5 27.5 4.2666363261416805E-5
202.5 32.5 1.4222121087138935E-4
202.5 37.5 3.4133090609133444E-4
202.5 42.5 0.0013937678665396156
202.5 47.5 0.005390183892025657
202.5 52.5 0.018730533471761977
202.5 57.5 0.036408629983075674
202.5 62.5 0.0555942713296261
202.5 67.5 0.06158178430731159
202.5 72.5 0.04929387168802355
202.5 77.5 0.029340235802767626
202.5 82.5 0.016895879851521054
202.5 87.5 0.008248830230540584
202.5 92.5 0.003982193904398902
202.5 97.5 0.002190206647419396
202.5 102.5 0.0011662139291453927
202.5 107.5 7.395502965312247E-4
202.5 112.5 6.6843969109553E-4
202.5 117.5 7.111060543569468E-4
202.5 122.5 7.964387808797804E-4
202.5 127.5 0.0010382148393611424
202.5 132.5 0.0016497660461081167
202.5 137.5 0.002887090580689204
202.5 142.5 0.005048852985934322
202.5 147.5 0.011662139291453927
202.5 152.5 0.02190206647419396
202.5 157.5 0.04314991537837953
202.5 162.5 0.0709683842248233
202.5 167.5 0.08883136831026979
202.5 172.5 0.07425369419595239
202.5 177.5 0.044159685975566396
202.5 182.5 0.020764296787222847
202.5 187.5 0.008746604468590446
202.5 192.5 0.003157310881344844
202.5 197.5 0.0012231024134939485
202.5 202.5 6.826618121826689E-4
202.5 207.5 3.128866639170566E-4
202.5 212.5 2.2755393739422298E-4
202.5 217.5 1.564433319585283E-4
202.5 222.5 9.955484760997256E-5
202.5 227.5 1.4222121087138936E-5
202.5 252.5 4.2666363261416805E-5
202.5 257.5 5.6888484348555744E-5
202.5 262.5 9.955484760997256E-5
202.5 267.5 9.955484760997256E-5
202.5 272.5 9.955484760997256E-5
202.5 277.5 9.955484760997256E-5
202.5 282.5 5.6888484348555744E-5
202.5 287.5 5.6888484348555744E-5
202.5 292.5 1.4222121087138936E-5
207.5 32.5 9.955484760997256E-5
207.5 37.5 2.1333181630708403E-4
207.5 42.5 6.968839332698078E-4
207.5 47.5 0.0018488757413280617
207.5 52.5 0.006741285395303855
207.5 57.5 0.017678096511313697
207.5 62.5 0.02941134640820332
207.5 67.5 0.03775973148635387
207.5 72.5 0.03224154850454397
207.5 77.5 0.02070740830287429
207.5 82.5 0.01068081293644134
207.5 87.5 0.004351969052664514
207.5 92.5 0.0025599817956850086
207.5 97.5 0.0013937678665396156
207.5 102.5 7.679945387055025E-4
207.5 107.5 4.5510787478844595E-4
207.5 112.5 3.6977514826561233E-4
207.5 117.5 3.982193904398902E-4
207.5 122.5 5.831069645726964E-4
207.5 127.5 7.111060543569468E-4
207.5 132.5 9.813263550125866E-4
207.5 137.5 0.0014648784719753104
207.5 142.5 0.0025599817956850086
207.5 147.5 0.004721744200930127
207.5 152.5 0.011022143842532675
207.5 157.5 0.020636297697438594
207.5 162.5 0.032682434258245276
207.5 167.5 0.040262824797690326
207.5 172.5 0.03544152574915023
207.5 177.5 0.02365138736791205
207.5 182.5 0.013511015032781988
207.5 187.5 0.005375961770938518
207.5 192.5 0.0022613172528550907
207.5 197.5 9.528821128383087E-4
207.5 202.5 5.404406013112795E-4
207.5 207.5 2.844424217427787E-4
207.5 212.5 2.1333181630708403E-4
207.5 217.5 1.564433319585283E-4
207.5 222.5 9.955484760997256E-5
207.5 227.5 2.8444242174277872E-5
207.5 257.5 1.4222121087138936E-5
207.5 262.5 5.6888484348555744E-5
207.5 267.5 5.6888484348555744E-5
207.5 272.5 5.6888484348555744E-5
207.5 277.5 5.6888484348555744E-5
207.5 282.5 5.6888484348555744E-5
207.5 287.5 4.2666363261416805E-5
212.5 32.5 5.6888484348555744E-5
212.5 37.5 9.955484760997256E-5
212.5 42.5 2.5599817956850087E-4
212.5 47.5 6.968839332698078E-4
212.5 52.5 0.0018346536202409227
212.5 57.5 0.005930624493336936
212.5 62.5 0.015402557137371467
212.5 67.5 0.019555416494816038
212.5 72.5 0.017720762874575115
212.5 77.5 0.010865700510574146
212.5 82.5 0.004295080568315958
212.5 87.5 0.0023466499793779244
212.5 92.5 0.001351101503278199
212.5 97.5 7.964387808797804E-4
212.5 102.5 3.6977514826561233E-4
212.5 107.5 2.5599817956850087E-4
212.5 112.5 2.5599817956850087E-4
212.5 117.5 2.5599817956850087E-4
212.5 122.5 2.5599817956850087E-4
212.5 127.5 2.844424217427787E-4
212.5 132.5 4.40885753701307E-4
212.5 137.5 7.253281754440857E-4
212.5 142.5 0.00106665908153542
212.5 147.5 0.00200531907328659
212.5 152.5 0.004110192994183153
212.5 157.5 0.008362607199237695
212.5 162.5 0.01430745381366177
212.5 167.5 0.016910101972608196
212.5 172.5 0.016070996828466997
212.5 177.5 0.01095103323709698
212.5 182.5 0.0055750714661584625
212.5 187.5 0.0030008675493863155
212.5 192.5 0.0012799908978425043
212.5 197.5 6.968839332698078E-4
212.5 202.5 3.128866639170566E-4
212.5 207.5 2.5599817956850087E-4
212.5 212.5 1.991096952199451E-4
212.5 217.5 9.955484760997256E-5
212.5 222.5 9.955484760997256E-5
212.5 227.5 1.4222121087138936E-5
212.5 272.5 2.8444242174277872E-5
212.5 277.5 2.8444242174277872E-5
212.5 282.5 2.8444242174277872E-5
212.5 287.5 2.8444242174277872E-5
212.5 292.5 1.4222121087138936E-5
212.5 297.5 1.4222121087138936E-5
212.5 302.5 1.4222121087138936E-5
212.5 307.5 1.4222121087138936E-5
217.5 32.5 5.6888484348555744E-5
217.5 37.5 9.955484760997256E-5
217.5 42.5 1.564433319585283E-4
217.5 47.5 2.5599817956850087E-4
217.5 52.5 7.253281754440857E-4
217.5 57.5 0.001749320893718089
217.5 62.5 0.003953749662224624
217.5 67.5 0.006229289036166854
217.5 72.5 0.005831069645726964
217.5 77.5 0.003754639967004679
217.5 82.5 0.00200531907328659
217.5 87.5 0.0011662139291453927
217.5 92.5 7.395502965312247E-4
217.5 97.5 3.4133090609133444E-4
217.5 102.5 2.2755393739422298E-4
217.5 107.5 1.991096952199451E-4
217.5 112.5 1.8488757413280616E-4
217.5 117.5 1.8488757413280616E-4
217.5 122.5 1.8488757413280616E-4
217.5 127.5 1.8488757413280616E-4
217.5 132.5 2.1333181630708403E-4
217.5 137.5 2.5599817956850087E-4
217.5 142.5 4.5510787478844595E-4
217.5 147.5 9.528821128383087E-4
217.5 152.5 0.001777765135892367
217.5 157.5 0.003100422396996288
217.5 162.5 0.004295080568315958
217.5 167.5 0.0050772972281086
217.5 172.5 0.0047501884431044045
217.5 177.5 0.0036835293615689844
217.5 182.5 0.002503093311336453
217.5 187.5 0.0012942130189296432
217.5 192.5 6.968839332698078E-4
217.5 197.5 2.9866454282991765E-4
217.5 202.5 2.5599817956850087E-4
217.5 207.5 2.1333181630708403E-4
217.5 212.5 1.8488757413280616E-4
217.5 217.5 9.955484760997256E-5
217.5 222.5 5.6888484348555744E-5
217.5 287.5 2.8444242174277872E-5
217.5 292.5 4.2666363261416805E-5
217.5 297.5 5.6888484348555744E-5
217.5 302.5 5.6888484348555744E-5
217.5 307.5 5.6888484348555744E-5
217.5 312.5 4.2666363261416805E-5
217.5 317.5 2.8444242174277872E-5
222.5 32.5 1.4222121087138936E-5
222.5 37.5 7.111060543569468E-5
222.5 42.5 9.955484760997256E-5
222.5 47.5 1.8488757413280616E-4
222.5 52.5 2.844424217427787E-4
222.5 57.5 7.395502965312247E-4
222.5 62.5 0.0012799908978425043
222.5 67.5 0.0018204314991537838
222.5 72.5 0.0018915421045894785
222.5 77.5 0.0016213218039338388
222.5 82.5 0.0010239927182740035
222.5 87.5 6.826618121826689E-4
222.5 92.5 3.128866639170566E-4
222.5 97.5 2.2755393739422298E-4
222.5 102.5 1.8488757413280616E-4
222.5 107.5 9.955484760997256E-5
222.5 112.5 9.955484760997256E-5
222.5 117.5 9.955484760997256E-5
222.5 122.5 9.955484760997256E-5
222.5 127.5 9.955484760997256E-5
222.5 132.5 9.955484760997256E-5
222.5 137.5 1.564433319585283E-4
222.5 142.5 2.1333181630708403E-4
222.5 147.5 3.839972693527513E-4
222.5 152.5 7.964387808797804E-4
222.5 157.5 0.0012799908978425043
222.5 162.5 0.001777765135892367
222.5 167.5 0.0019342084678508954
222.5 172.5 0.0018488757413280617
222.5 177.5 0.0014791005930624493
222.5 182.5 9.955484760997256E-4
222.5 187.5 5.404406013112795E-4
222.5 192.5 2.5599817956850087E-4
222.5 197.5 2.1333181630708403E-4
222.5 202.5 1.8488757413280616E-4
222.5 207.5 1.1377696869711149E-4
222.5 212.5 9.955484760997256E-5
222.5 217.5 5.6888484348555744E-5
222.5 222.5 1.4222121087138936E-5
222.5 282.5 1.4222121087138936E-5
222.5 287.5 5.6888484348555744E-5
222.5 292.5 5.6888484348555744E-5
222.5 297.5 5.6888484348555744E-5
222.5 302.5 5.6888484348555744E-5
222.5 307.5 5.6888484348555744E-5
222.5 312.5 5.6888484348555744E-5
222.5 317.5 5.6888484348555744E-5
222.5 322.5 1.4222121087138936E-5
227.5 37.5 5.6888484348555744E-5
227.5 42.5 9.955484760997256E-5
227.5 47.5 1.1377696869711149E-4
227.5 52.5 2.1333181630708403E-4
227.5 57.5 3.128866639170566E-4
227.5 62.5 6.6843969109553E-4
227.5 67.5 7.964387808797804E-4
227.5 72.5 8.391051441411972E-4
227.5 77.5 7.395502965312247E-4
227.5 82.5 5.262184802241407E-4
227.5 87.5 2.9866454282991765E-4
227.5 92.5 2.5599817956850087E-4
227.5 97.5 1.8488757413280616E-4
227.5 102.5 9.955484760997256E-5
227.5 107.5 7.111060543569468E-5
227.5 112.5 5.6888484348555744E-5
227.5 127.5 2.8444242174277872E-5
227.5 132.5 5.6888484348555744E-5
227.5 137.5 9.955484760997256E-5
227.5 142.5 9.955484760997256E-5
227.5 147.5 2.1333181630708403E-4
227.5 152.5 3.2710878500419554E-4
227.5 157.5 6.968839332698078E-4
227.5 162.5 9.102157495768919E-4
227.5 167.5 0.0010239927182740035
227.5 172.5 9.102157495768919E-4
227.5 177.5 6.968839332698078E-4
227.5 182.5 3.4133090609133444E-4
227.5 187.5 2.2755393739422298E-4
227.5 192.5 1.8488757413280616E-4
227.5 197.5 9.955484760997256E-5
227.5 202.5 9.955484760997256E-5
227.5 207.5 9.955484760997256E-5
227.5 212.5 5.6888484348555744E-5
227.5 282.5 4.2666363261416805E-5
227.5 287.5 5.6888484348555744E-5
227.5 292.5 5.6888484348555744E-5
227.5 297.5 5.6888484348555744E-5
227.5 302.5 5.6888484348555744E-5
227.5 307.5 5.6888484348555744E-5
227.5 312.5 5.6888484348555744E-5
227.5 317.5 5.6888484348555744E-5
227.5 322.5 2.8444242174277872E-5
232.5 42.5 5.6888484348555744E-5
232.5 47.5 9.955484760997256E-5
232.5 52.5 1.8488757413280616E-4
232.5 57.5 2.1333181630708403E-4
232.5 62.5 2.5599817956850087E-4
232.5 67.5 3.128866639170566E-4
232.5 72.5 3.4133090609133444E-4
232.5 77.5 3.128866639170566E-4
232.5 82.5 2.844424217427787E-4
232.5 87.5 2.5599817956850087E-4
232.5 92.5 1.991096952199451E-4
232.5 97.5 1.1377696869711149E-4
232.5 102.5 9.955484760997256E-5
232.5 107.5 5.6888484348555744E-5
232.5 137.5 4.2666363261416805E-5
232.5 142.5 5.6888484348555744E-5
232.5 147.5 9.955484760997256E-5
232.5 152.5 1.8488757413280616E-4
232.5 157.5 2.5599817956850087E-4
232.5 162.5 2.844424217427787E-4
232.5 167.5 3.4133090609133444E-4
232.5 172.5 3.128866639170566E-4
232.5 177.5 2.5599817956850087E-4
232.5 182.5 1.991096952199451E-4
232.5 187.5 9.955484760997256E-5
232.5 192.5 9.955484760997256E-5
232.5 197.5 5.6888484348555744E-5
232.5 202.5 1.4222121087138936E-5
232.5 277.5 1.4222121087138936E-5
232.5 282.5 5.6888484348555744E-5
232.5 287.5 5.6888484348555744E-5
232.5 292.5 5.6888484348555744E-5
232.5 297.5 7.111060543569468E-5
232.5 302.5 7.111060543569468E-5
232.5 307.5 5.6888484348555744E-5
232.5 312.5 5.6888484348555744E-5
232.5 317.5 5.6888484348555744E-5
232.5 322.5 2.8444242174277872E-5
237.5 42.5 5.6888484348555744E-5
237.5 47.5 7.111060543569468E-5
237.5 52.5 9.955484760997256E-5
237.5 57.5 1.8488757413280616E-4
237.5 62.5 2.1333181630708403E-4
237.5 67.5 2.5599817956850087E-4
237.5 72.5 2.5599817956850087E-4
237.5 77.5 2.5599817956850087E-4
237.5 82.5 2.2755393739422298E-4
237.5 87.5 1.991096952199451E-4
237.5 92.5 1.7066545304566722E-4
237.5 97.5 9.955484760997256E-5
237.5 102.5 5.6888484348555744E-5
237.5 107.5 1.4222121087138936E-5
237.5 147.5 5.6888484348555744E-5
237.5 152.5 7.111060543569468E-5
237.5 157.5 9.955484760997256E-5
237.5 162.5 1.1377696869711149E-4
237.5 167.5 1.8488757413280616E-4
237.5 172.5 1.564433319585283E-4
237.5 177.5 9.955484760997256E-5
237.5 182.5 9.955484760997256E-5
237.5 187.5 5.6888484348555744E-5
237.5 277.5 4.2666363261416805E-5
237.5 282.5 5.6888484348555744E-5
237.5 287.5 5.6888484348555744E-5
237.5 292.5 9.955484760997256E-5
237.5 297.5 9.955484760997256E-5
237.5 302.5 9.955484760997256E-5
237.5 307.5 7.111060543569468E-5
237.5 312.5 5.6888484348555744E-5
237.5 317.5 5.6888484348555744E-5
242.5 37.5 4.2666363261416805E-5
242.5 42.5 5.6888484348555744E-5
242.5 47.5 9.955484760997256E-5
242.5 52.5 1.1377696869711149E-4
242.5 57.5 1.8488757413280616E-4
242.5 62.5 2.1333181630708403E-4
242.5 67.5 2.2755393739422298E-4
242.5 72.5 2.2755393739422298E-4
242.5 77.5 2.1333181630708403E-4
242.5 82.5 1.991096952199451E-4
242.5 87.5 1.8488757413280616E-4
242.5 92.5 9.955484760997256E-5
242.5 97.5 9.955484760997256E-5
242.5 102.5 5.6888484348555744E-5
242.5 152.5 1.4222121087138936E-5
242.5 157.5 5.6888484348555744E-5
242.5 162.5 5.6888484348555744E-5
242.5 167.5 5.6888484348555744E-5
242.5 172.5 5.6888484348555744E-5
242.5 177.5 5.6888484348555744E-5
242.5 182.5 1.4222121087138936E-5
242.5 277.5 5.6888484348555744E-5
242.5 282.5 5.6888484348555744E-5
242.5 287.5 9.955484760997256E-5
242.5 292.5 9.955484760997256E-5
242.5 297.5 9.955484760997256E-5
242.5 302.5 9.955484760997256E-5
242.5 307.5 9.955484760997256E-5
242.5 312.5 5.6888484348555744E-5
242.5 317.5 5.6888484348555744E-5
247.5 27.5 4.2666363261416805E-5
247.5 32.5 5.6888484348555744E-5
247.5 37.5 9.955484760997256E-5
247.5 42.5 9.955484760997256E-5
247.5 47.5 1.991096952199451E-4
247.5 52.5 2.5599817956850087E-4
247.5 57.5 2.844424217427787E-4
247.5 62.5 2.844424217427787E-4
247.5 67.5 2.5599817956850087E-4
247.5 72.5 2.2755393739422298E-4
247.5 77.5 2.1333181630708403E-4
247.5 82.5 1.8488757413280616E-4
247.5 87.5 9.955484760997256E-5
247.5 92.5 9.955484760997256E-5
247.5 97.5 5.6888484348555744E-5
247.5 102.5 5.6888484348555744E-5
247.5 157.5 1.4222121087138936E-5
247.5 162.5 5.6888484348555744E-5
247.5 167.5 5.6888484348555744E-5
247.5 172.5 5.6888484348555744E-5
247.5 177.5 5.6888484348555744E-5
247.5 182.5 2.8444242174277872E-5
247.5 272.5 4.2666363261416805E-5
247.5 277.5 5.6888484348555744E-5
247.5 282.5 9.955484760997256E-5
247.5 287.5 9.955484760997256E-5
247.5 292.5 9.955484760997256E-5
247.5 297.5 9.955484760997256E-5
247.5 302.5 9.955484760997256E-5
247.5 307.5 9.955484760997256E-5
247.5 312.5 5.6888484348555744E-5
247.5 317.5 5.6888484348555744E-5
252.5 17.5 2.8444242174277872E-5
252.5 22.5 5.6888484348555744E-5
252.5 27.5 9.955484760997256E-5
252.5 32.5 9.955484760997256E-5
252.5 37.5 1.8488757413280616E-4
252.5 42.5 2.5599817956850087E-4
252.5 47.5 4.40885753701307E-4
252.5 52.5 7.253281754440857E-4
252.5 57.5 7.964387808797804E-4
252.5 62.5 7.537724176183636E-4
252.5 67.5 6.257733278341132E-4
252.5 72.5 2.9866454282991765E-4
252.5 77.5 2.4177605848136192E-4
252.5 82.5 1.991096952199451E-4
252.5 87.5 9.955484760997256E-5
252.5 92.5 9.955484760997256E-5
252.5 97.5 5.6888484348555744E-5
252.5 102.5 5.6888484348555744E-5
252.5 152.5 2.8444242174277872E-5
252.5 157.5 5.6888484348555744E-5
252.5 162.5 9.955484760997256E-5
252.5 167.5 9.955484760997256E-5
252.5 172.5 9.955484760997256E-5
252.5 177.5 9.955484760997256E-5
252.5 182.5 9.955484760997256E-5
252.5 187.5 5.6888484348555744E-5
252.5 192.5 5.6888484348555744E-5
252.5 267.5 5.6888484348555744E-5
252.5 272.5 9.955484760997256E-5
252.5 277.5 9.955484760997256E-5
252.5 282.5 1.1377696869711149E-4
252.5 287.5 1.8488757413280616E-4
252.5 292.5 1.8488757413280616E-4
252.5 297.5 1.8488757413280616E-4
252.5 302.5 1.2799908978425043E-4
252.5 307.5 9.955484760997256E-5
252.5 312.5 9.955484760997256E-5
252.5 317.5 5.6888484348555744E-5
257.5 12.5 5.6888484348555744E-5
257.5 17.5 9.955484760997256E-5
257.5 22.5 9.955484760997256E-5
257.5 27.5 1.7066545304566722E-4
257.5 32.5 2.1333181630708403E-4
257.5 37.5 2.844424217427787E-4
257.5 42.5 6.968839332698078E-4
257.5 47.5 0.0010524369604482814
257.5 52.5 0.001535989077411005
257.5 57.5 0.0016924324093695333
257.5 62.5 0.001535989077411005
257.5 67.5 0.001095103323709698
257.5 72.5 7.253281754440857E-4
257.5 77.5 3.128866639170566E-4
257.5 82.5 2.2755393739422298E-4
257.5 87.5 1.8488757413280616E-4
257.5 92.5 9.955484760997256E-5
257.5 97.5 9.955484760997256E-5
257.5 102.5 5.6888484348555744E-5
257.5 107.5 5.6888484348555744E-5
257.5 112.5 4.2666363261416805E-5
257.5 117.5 1.4222121087138936E-5
257.5 142.5 1.4222121087138936E-5
257.5 147.5 7.111060543569468E-5
257.5 152.5 9.955484760997256E-5
257.5 157.5 1.1377696869711149E-4
257.5 162.5 1.8488757413280616E-4
257.5 167.5 1.991096952199451E-4
257.5 172.5 1.991096952199451E-4
257.5 177.5 1.8488757413280616E-4
257.5 182.5 1.564433319585283E-4
257.5 187.5 9.955484760997256E-5
257.5 192.5 9.955484760997256E-5
257.5 197.5 7.111060543569468E-5
257.5 202.5 4.2666363261416805E-5
257.5 257.5 2.8444242174277872E-5
257.5 262.5 5.6888484348555744E-5
257.5 267.5 9.955484760997256E-5
257.5 272.5 1.564433319585283E-4
257.5 277.5 1.991096952199451E-4
257.5 282.5 2.1333181630708403E-4
257.5 287.5 2.2755393739422298E-4
257.5 292.5 2.1333181630708403E-4
257.5 297.5 1.991096952199451E-4
257.5 302.5 1.8488757413280616E-4
257.5 307.5 1.1377696869711149E-4
257.5 312.5 9.955484760997256E-5
257.5 317.5 5.6888484348555744E-5
262.5 2.5 2.8444242174277872E-5
262.5 7.5 5.6888484348555744E-5
262.5 12.5 9.955484760997256E-5
262.5 17.5 9.955484760997256E-5
262.5 22.5 1.8488757413280616E-4
262.5 27.5 2.1333181630708403E-4
262.5 32.5 2.844424217427787E-4
262.5 37.5 6.968839332698078E-4
262.5 42.5 0.0012657687767553653
262.5 47.5 0.0022470951317679518
262.5 52.5 0.003171533002431983
262.5 57.5 0.0034559754241747613
262.5 62.5 0.003171533002431983
262.5 67.5 0.0023182057372036465
262.5 72.5 0.0013653236243653377
262.5 77.5 7.537724176183636E-4
262.5 82.5 3.2710878500419554E-4
262.5 87.5 2.4177605848136192E-4
262.5 92.5 1.8488757413280616E-4
262.5 97.5 9.955484760997256E-5
262.5 102.5 9.955484760997256E-5
262.5 107.5 9.955484760997256E-5
262.5 112.5 9.955484760997256E-5
262.5 117.5 9.955484760997256E-5
262.5 122.5 8.533272652283361E-5
262.5 127.5 5.6888484348555744E-5
262.5 132.5 9.955484760997256E-5
262.5 137.5 9.955484760997256E-5
262.5 142.5 1.8488757413280616E-4
262.5 147.5 2.5599817956850087E-4
262.5 152.5 2.5599817956850087E-4
262.5 157.5 2.5599817956850087E-4
262.5 162.5 2.5599817956850087E-4
262.5 167.5 2.844424217427787E-4
262.5 172.5 2.844424217427787E-4
262.5 177.5 3.128866639170566E-4
262.5 182.5 2.844424217427787E-4
262.5 187.5 2.5599817956850087E-4
262.5 192.5 2.1333181630708403E-4
262.5 197.5 1.7066545304566722E-4
262.5 202.5 9.955484760997256E-5
262.5 207.5 5.6888484348555744E-5
262.5 212.5 4.2666363261416805E-5
262.5 252.5 5.6888484348555744E-5
262.5 257.5 9.955484760997256E-5
262.5 262.5 9.955484760997256E-5
262.5 267.5 1.991096952199451E-4
262.5 272.5 2.5599817956850087E-4
262.5 277.5 2.844424217427787E-4
262.5 282.5 3.4133090609133444E-4
262.5 287.5 3.982193904398902E-4
262.5 292.5 3.555530271784734E-4
262.5 297.5 2.5599817956850087E-4
262.5 302.5 2.1333181630708403E-4
262.5 307.5 1.8488757413280616E-4
262.5 312.5 9.955484760997256E-5
262.5 317.5 9.955484760997256E-5
262.5 322.5 4.2666363261416805E-5
267.5 2.5 5.6888484348555744E-5
267.5 7.5 9.955484760997256E-5
267.5 12.5 9.955484760997256E-5
267.5 17.5 1.8488757413280616E-4
267.5 22.5 2.1333181630708403E-4
267.5 27.5 2.5599817956850087E-4
267.5 32.5 5.831069645726964E-4
267.5 37.5 0.0010239927182740035
267.5 42.5 0.0019484305889380343
267.5 47.5 0.003754639967004679
267.5 52.5 0.005375961770938518
267.5 57.5 0.006471065094648216
267.5 62.5 0.005802625403552686
267.5 67.5 0.0041955257207059865
267.5 72.5 0.0027590914909049534
267.5 77.5 0.0014933227141495883
267.5 82.5 7.964387808797804E-4
267.5 87.5 4.2666363261416806E-4
267.5 92.5 2.5599817956850087E-4
267.5 97.5 2.1333181630708403E-4
267.5 102.5 1.991096952199451E-4
267.5 107.5 1.991096952199451E-4
267.5 112.5 1.991096952199451E-4
267.5 117.5 1.991096952199451E-4
267.5 122.5 1.8488757413280616E-4
267.5 127.5 1.991096952199451E-4
267.5 132.5 2.2755393739422298E-4
267.5 137.5 2.844424217427787E-4
267.5 142.5 4.693299958755849E-4
267.5 147.5 6.968839332698078E-4
267.5 152.5 7.679945387055025E-4
267.5 157.5 7.395502965312247E-4
267.5 162.5 7.964387808797804E-4
267.5 167.5 9.955484760997256E-4
267.5 172.5 0.0011662139291453927
267.5 177.5 0.0011662139291453927
267.5 182.5 9.955484760997256E-4
267.5 187.5 7.537724176183636E-4
267.5 192.5 4.693299958755849E-4
267.5 197.5 2.844424217427787E-4
267.5 202.5 2.1333181630708403E-4
267.5 207.5 1.1377696869711149E-4
267.5 212.5 9.955484760997256E-5
267.5 217.5 9.955484760997256E-5
267.5 222.5 5.6888484348555744E-5
267.5 247.5 5.6888484348555744E-5
267.5 252.5 9.955484760997256E-5
267.5 257.5 1.564433319585283E-4
267.5 262.5 2.2755393739422298E-4
267.5 267.5 3.128866639170566E-4
267.5 272.5 6.6843969109553E-4
267.5 277.5 7.964387808797804E-4
267.5 282.5 0.0010239927182740035
267.5 287.5 0.0012657687767553653
267.5 292.5 0.0012657687767553653
267.5 297.5 9.102157495768919E-4
267.5 302.5 3.555530271784734E-4
267.5 307.5 2.1333181630708403E-4
267.5 312.5 1.564433319585283E-4
267.5 317.5 9.955484760997256E-5
267.5 322.5 9.955484760997256E-5
267.5 327.5 9.955484760997256E-5
267.5 332.5 9.955484760997256E-5
267.5 337.5 9.955484760997256E-5
267.5 342.5 9.955484760997256E-5
267.5 347.5 5.6888484348555744E-5
267.5 352.5 2.8444242174277872E-5
267.5 357.5 4.2666363261416805E-5
272.5 2.5 9.955484760997256E-5
272.5 7.5 9.955484760997256E-5
272.5 12.5 1.564433319585283E-4
272.5 17.5 1.991096952199451E-4
272.5 22.5 2.5599817956850087E-4
272.5 27.5 3.128866639170566E-4
272.5 32.5 7.253281754440857E-4
272.5 37.5 0.001351101503278199
272.5 42.5 0.002901312701776343
272.5 47.5 0.005063075107021461
272.5 52.5 0.007992832050972083
272.5 57.5 0.009941262639910116
272.5 62.5 0.009543043249470227
272.5 67.5 0.007039949938133773
272.5 72.5 0.00426663632614168
272.5 77.5 0.0028017578541663702
272.5 82.5 0.0015928775617595609
272.5 87.5 9.102157495768919E-4
272.5 92.5 6.399954489212521E-4
272.5 97.5 3.6977514826561233E-4
272.5 102.5 2.844424217427787E-4
272.5 107.5 2.844424217427787E-4
272.5 112.5 2.844424217427787E-4
272.5 117.5 2.844424217427787E-4
272.5 122.5 2.844424217427787E-4
272.5 127.5 3.2710878500419554E-4
272.5 132.5 5.973290856598353E-4
272.5 137.5 7.964387808797804E-4
272.5 142.5 0.0011662139291453927
272.5 147.5 0.0019342084678508954
272.5 152.5 0.0032141993656933997
272.5 157.5 0.0036835293615689844
272.5 162.5 0.004337746931577375
272.5 167.5 0.0055892935872456015
272.5 172.5 0.005631959950507018
272.5 177.5 0.00480707692745296
272.5 182.5 0.003498641787436178
272.5 187.5 0.0023182057372036465
272.5 192.5 0.001351101503278199
272.5 197.5 7.964387808797804E-4
272.5 202.5 4.2666363261416806E-4
272.5 207.5 2.5599817956850087E-4
272.5 212.5 1.991096952199451E-4
272.5 217.5 1.8488757413280616E-4
272.5 222.5 9.955484760997256E-5
272.5 227.5 7.111060543569468E-5
272.5 232.5 5.6888484348555744E-5
272.5 237.5 2.8444242174277872E-5
272.5 242.5 5.6888484348555744E-5
272.5 247.5 9.955484760997256E-5
272.5 252.5 1.8488757413280616E-4
272.5 257.5 2.5599817956850087E-4
272.5 262.5 4.40885753701307E-4
272.5 267.5 7.679945387055025E-4
272.5 272.5 0.0011662139291453927
272.5 277.5 0.0018204314991537838
272.5 282.5 0.003327976334390511
272.5 287.5 0.004295080568315958
272.5 292.5 0.004167081478531709
272.5 297.5 0.003171533002431983
272.5 302.5 0.0014933227141495883
272.5 307.5 4.2666363261416806E-4
272.5 312.5 2.5599817956850087E-4
272.5 317.5 2.2755393739422298E-4
272.5 322.5 2.2755393739422298E-4
272.5 327.5 2.1333181630708403E-4
272.5 332.5 2.1333181630708403E-4
272.5 337.5 2.1333181630708403E-4
272.5 342.5 1.8488757413280616E-4
272.5 347.5 1.1377696869711149E-4
272.5 352.5 9.955484760997256E-5
272.5 357.5 8.533272652283361E-5
277.5 2.5 9.955484760997256E-5
277.5 7.5 9.955484760997256E-5
277.5 12.5 1.8488757413280616E-4
277.5 17.5 2.1333181630708403E-4
277.5 22.5 2.5599817956850087E-4
277.5 27.5 3.6977514826561233E-4
277.5 32.5 7.537724176183636E-4
277.5 37.5 0.0014222121087138935
277.5 42.5 0.0030008675493863155
277.5 47.5 0.005390183892025657
277.5 52.5 0.008860381437287557
277.5 57.5 0.011022143842532675
277.5 62.5 0.010993699600358398
277.5 67.5 0.00883193719511328
277.5 72.5 0.005902180251162658
277.5 77.5 0.003953749662224624
277.5 82.5 0.0028017578541663702
277.5 87.5 0.0016782102882823943
277.5 92.5 0.00106665908153542
277.5 97.5 7.964387808797804E-4
277.5 102.5 7.111060543569468E-4
277.5 107.5 7.111060543569468E-4
277.5 112.5 7.395502965312247E-4
277.5 117.5 7.253281754440857E-4
277.5 122.5 7.253281754440857E-4
277.5 127.5 7.679945387055025E-4
277.5 132.5 0.0011519918080582538
277.5 137.5 0.0018204314991537838
277.5 142.5 0.0031999772446062607
277.5 147.5 0.007523502055096497
277.5 152.5 0.016270106523686944
277.5 157.5 0.024604269480750358
277.5 162.5 0.03286732183237808
277.5 167.5 0.041045041457482966
277.5 172.5 0.03700595906873551
277.5 177.5 0.02542915250380442
277.5 182.5 0.01618477379716411
277.5 187.5 0.007651501144880748
277.5 192.5 0.0036835293615689844
277.5 197.5 0.0016924324093695333
277.5 202.5 9.955484760997256E-4
277.5 207.5 6.6843969109553E-4
277.5 212.5 3.128866639170566E-4
277.5 217.5 2.5599817956850087E-4
277.5 222.5 2.1333181630708403E-4
277.5 227.5 1.1377696869711149E-4
277.5 232.5 9.955484760997256E-5
277.5 237.5 9.955484760997256E-5
277.5 242.5 9.955484760997256E-5
277.5 247.5 1.8488757413280616E-4
277.5 252.5 2.5599817956850087E-4
277.5 257.5 4.5510787478844595E-4
277.5 262.5 8.533272652283361E-4
277.5 267.5 0.0013937678665396156
277.5 272.5 0.0023608721004650633
277.5 277.5 0.004991964501585767
277.5 282.5 0.011064810205794091
277.5 287.5 0.01629855076586122
277.5 292.5 0.01669677015630111
277.5 297.5 0.01136347474862401
277.5 302.5 0.0047501884431044045
277.5 307.5 0.0018062093780666449
277.5 312.5 9.528821128383087E-4
277.5 317.5 7.537724176183636E-4
277.5 322.5 7.679945387055025E-4
277.5 327.5 6.826618121826689E-4
277.5 332.5 4.40885753701307E-4
277.5 337.5 3.128866639170566E-4
277.5 342.5 2.5599817956850087E-4
277.5 347.5 2.2755393739422298E-4
277.5 352.5 1.8488757413280616E-4
277.5 357.5 9.955484760997256E-5
282.5 2.5 9.955484760997256E-5
282.5 7.5 1.1377696869711149E-4
282.5 12.5 1.8488757413280616E-4
282.5 17.5 2.1333181630708403E-4
282.5 22.5 2.5599817956850087E-4
282.5 27.5 3.128866639170566E-4
282.5 32.5 6.968839332698078E-4
282.5 37.5 0.0011662139291453927
282.5 42.5 0.00240353846372648
282.5 47.5 0.004323524810490236
282.5 52.5 0.00735283660205083
282.5 57.5 0.009784819307951588
282.5 62.5 0.010225705061652894
282.5 67.5 0.008590161136631917
282.5 72.5 0.006584842063345328
282.5 77.5 0.005063075107021461
282.5 82.5 0.004067526630921736
282.5 87.5 0.003171533002431983
282.5 92.5 0.0022755393739422296
282.5 97.5 0.0016639881671952554
282.5 102.5 0.0014079899876267546
282.5 107.5 0.0013937678665396156
282.5 112.5 0.0014079899876267546
282.5 117.5 0.0013937678665396156
282.5 122.5 0.001351101503278199
282.5 127.5 0.0016497660461081167
282.5 132.5 0.00267375876438212
282.5 137.5 0.004081748752008875
282.5 142.5 0.008917269921636113
282.5 147.5 0.020664741939612874
282.5 152.5 0.04548234323667032
282.5 157.5 0.11047743660489526
282.5 162.5 0.20523942940850198
282.5 167.5 0.2336267830984313
282.5 172.5 0.1897942059078691
282.5 177.5 0.11015032781989106
282.5 182.5 0.049165872598239305
282.5 187.5 0.022214953138111018
282.5 192.5 0.009813263550125866
282.5 197.5 0.003583974513959012
282.5 202.5 0.0018488757413280617
282.5 207.5 0.001109325444796837
282.5 212.5 7.253281754440857E-4
282.5 217.5 4.5510787478844595E-4
282.5 222.5 2.844424217427787E-4
282.5 227.5 2.2755393739422298E-4
282.5 232.5 1.8488757413280616E-4
282.5 237.5 9.955484760997256E-5
282.5 242.5 1.1377696869711149E-4
282.5 247.5 2.2755393739422298E-4
282.5 252.5 4.2666363261416806E-4
282.5 257.5 8.248830230540583E-4
282.5 262.5 0.0013937678665396156
282.5 267.5 0.0023466499793779244
282.5 272.5 0.004821299048540099
282.5 277.5 0.015061226231280133
282.5 282.5 0.02656692219077553
282.5 287.5 0.04063259994595594
282.5 292.5 0.04622189353320154
282.5 297.5 0.03723351300612973
282.5 302.5 0.020607853455264318
282.5 307.5 0.009699486581428754
282.5 312.5 0.004721744200930127
282.5 317.5 0.0032141993656933997
282.5 322.5 0.0023466499793779244
282.5 327.5 0.0016497660461081167
282.5 332.5 0.0010239927182740035
282.5 337.5 6.968839332698078E-4
282.5 342.5 4.693299958755849E-4
282.5 347.5 2.9866454282991765E-4
282.5 352.5 2.4177605848136192E-4
282.5 357.5 1.8488757413280616E-4
287.5 2.5 1.4222121087138935E-4
287.5 7.5 1.1377696869711149E-4
287.5 12.5 1.8488757413280616E-4
287.5 17.5 1.991096952199451E-4
287.5 22.5 2.2755393739422298E-4
287.5 27.5 2.5599817956850087E-4
287.5 32.5 4.5510787478844595E-4
287.5 37.5 7.964387808797804E-4
287.5 42.5 0.0014933227141495883
287.5 47.5 0.002887090580689204
287.5 52.5 0.00426663632614168
287.5 57.5 0.005959068735511214
287.5 62.5 0.00681239600073955
287.5 67.5 0.0066275084266067446
287.5 72.5 0.006243511157253993
287.5 77.5 0.006499509336822494
287.5 82.5 0.006968839332698078
287.5 87.5 0.006783951758565272
287.5 92.5 0.005518182981809907
287.5 97.5 0.0042097478417931255
287.5 102.5 0.003555530271784734
287.5 107.5 0.0033421984554776497
287.5 112.5 0.003171533002431983
287.5 117.5 0.0029439790650377597
287.5 122.5 0.0028017578541663702
287.5 127.5 0.003327976334390511
287.5 132.5 0.004977742380498628
287.5 137.5 0.008959936284897529
287.5 142.5 0.017592763784790865
287.5 147.5 0.0384992817828851
287.5 152.5 0.11591028686018233
287.5 157.5 0.3463228705929202
287.5 162.5 0.5903033578427886
287.5 167.5 0.6726921053005845
287.5 172.5 0.5845291766814102
287.5 177.5 0.3744684482243682
287.5 182.5 0.14628873750231108
287.5 187.5 0.04491345839318476
287.5 192.5 0.017720762874575115
287.5 197.5 0.006741285395303855
287.5 202.5 0.0034701975452619003
287.5 207.5 0.0018915421045894785
287.5 212.5 0.0011235475658839759
287.5 217.5 7.537724176183636E-4
287.5 222.5 5.404406013112795E-4
287.5 227.5 2.844424217427787E-4
287.5 232.5 2.2755393739422298E-4
287.5 237.5 1.8488757413280616E-4
287.5 242.5 1.991096952199451E-4
287.5 247.5 2.844424217427787E-4
287.5 252.5 7.253281754440857E-4
287.5 257.5 0.0012515466556682264
287.5 262.5 0.0018915421045894785
287.5 267.5 0.0036693072404818455
287.5 272.5 0.010595480209918507
287.5 277.5 0.02567092856228578
287.5 282.5 0.05518182981809907
287.5 287.5 0.0993557379147526
287.5 292.5 0.1390638999900445
287.5 297.5 0.1226942386187476
287.5 302.5 0.07249015118114716
287.5 307.5 0.03886905693115071
287.5 312.5 0.020536742849828624
287.5 317.5 0.013183906247777794
287.5 322.5 0.007054172059220912
287.5 327.5 0.0036408629983075676
287.5 332.5 0.0018204314991537838
287.5 337.5 0.0010239927182740035
287.5 342.5 7.253281754440857E-4
287.5 347.5 4.5510787478844595E-4
287.5 352.5 2.7022030065563976E-4
287.5 357.5 2.1333181630708403E-4
292.5 2.5 1.564433319585283E-4
292.5 7.5 9.955484760997256E-5
292.5 12.5 1.1377696869711149E-4
292.5 17.5 1.8488757413280616E-4
292.5 22.5 1.991096952199451E-4
292.5 27.5 2.2755393739422298E-4
292.5 32.5 2.5599817956850087E-4
292.5 37.5 3.982193904398902E-4
292.5 42.5 7.395502965312247E-4
292.5 47.5 0.0012373245345810874
292.5 52.5 0.0019342084678508954
292.5 57.5 0.0030150896704734544
292.5 62.5 0.003754639967004679
292.5 67.5 0.004323524810490236
292.5 72.5 0.005518182981809907
292.5 77.5 0.008618605378806194
292.5 82.5 0.013027462915819266
292.5 87.5 0.01629855076586122
292.5 92.5 0.016554548945429723
292.5 97.5 0.01470567320410166
292.5 102.5 0.011804360502325317
292.5 107.5 0.009585709612731643
292.5 112.5 0.007167949027918024
292.5 117.5 0.005262184802241407
292.5 122.5 0.004792854806365821
292.5 127.5 0.005617737829419879
292.5 132.5 0.009528821128383087
292.5 137.5 0.01590033137542133
292.5 142.5 0.025173154324235916
292.5 147.5 0.05522449618136049
292.5 152.5 0.1726281057556924
292.5 157.5 0.5066630637293246
292.5 162.5 0.8237168091249129
292.5 167.5 1.0
292.5 172.5 0.9284058424473426
292.5 177.5 0.6147938503548419
292.5 182.5 0.29711433163141954
292.5 187.5 0.0857309459132735
292.5 192.5 0.027334916729481035
292.5 197.5 0.012871019583860737
292.5 202.5 0.005518182981809907
292.5 207.5 0.0029724233072120376
292.5 212.5 0.0015928775617595609
292.5 217.5 9.955484760997256E-4
292.5 222.5 7.253281754440857E-4
292.5 227.5 4.40885753701307E-4
292.5 232.5 2.5599817956850087E-4
292.5 237.5 2.1333181630708403E-4
292.5 242.5 2.5599817956850087E-4
292.5 247.5 4.2666363261416806E-4
292.5 252.5 9.528821128383087E-4
292.5 257.5 0.0016497660461081167
292.5 262.5 0.0027590914909049534
292.5 267.5 0.005048852985934322
292.5 272.5 0.01454922987214313
292.5 277.5 0.03417575697239486
292.5 282.5 0.07708389629229304
292.5 287.5 0.16352594825992348
292.5 292.5 0.25814571985265883
292.5 297.5 0.2963890034559754
292.5 302.5 0.23668453913216617
292.5 307.5 0.12048980985024106
292.5 312.5 0.05412939285765079
292.5 317.5 0.026709143401646922
292.5 322.5 0.015359890774110051
292.5 327.5 0.0066275084266067446
292.5 332.5 0.0029724233072120376
292.5 337.5 0.0013937678665396156
292.5 342.5 8.248830230540583E-4
292.5 347.5 6.399954489212521E-4
292.5 352.5 2.9866454282991765E-4
292.5 357.5 2.1333181630708403E-4
297.5 2.5 1.1377696869711149E-4
297.5 7.5 9.955484760997256E-5
297.5 12.5 9.955484760997256E-5
297.5 17.5 9.955484760997256E-5
297.5 22.5 1.1377696869711149E-4
297.5 27.5 1.8488757413280616E-4
297.5 32.5 1.991096952199451E-4
297.5 37.5 2.2755393739422298E-4
297.5 42.5 2.5599817956850087E-4
297.5 47.5 3.839972693527513E-4
297.5 52.5 7.537724176183636E-4
297.5 57.5 0.0011662139291453927
297.5 62.5 0.0018062093780666449
297.5 67.5 0.002901312701776343
297.5 72.5 0.00480707692745296
297.5 77.5 0.010979477479271258
297.5 82.5 0.01843186892893206
297.5 87.5 0.024874489781406
297.5 92.5 0.029155348228634817
297.5 97.5 0.02712158491317395
297.5 102.5 0.022470951317679518
297.5 107.5 0.017720762874575115
297.5 112.5 0.013027462915819266
297.5 117.5 0.008718160226416168
297.5 122.5 0.007096838422482329
297.5 127.5 0.008092386898582054
297.5 132.5 0.012686132009727931
297.5 137.5 0.0197971925532974
297.5 142.5 0.03312332001194658
297.5 147.5 0.0635586591384239
297.5 152.5 0.1699970133545717
297.5 157.5 0.44388662125069334
297.5 162.5 0.6839418030805114
297.5 167.5 0.9104859698775475
297.5 172.5 0.9252627536870849
297.5 177.5 0.6808556028046023
297.5 182.5 0.3978496152916246
297.5 187.5 0.13998833786070855
297.5 192.5 0.04282280659337533
297.5 197.5 0.01814742650718928
297.5 202.5 0.007850610840100693
297.5 207.5 0.0033848648187390666
297.5 212.5 0.001777765135892367
297.5 217.5 0.00106665908153542
297.5 222.5 7.964387808797804E-4
297.5 227.5 5.546627223984185E-4
297.5 232.5 2.844424217427787E-4
297.5 237.5 2.5599817956850087E-4
297.5 242.5 2.5599817956850087E-4
297.5 247.5 5.546627223984185E-4
297.5 252.5 0.0010239927182740035
297.5 257.5 0.001777765135892367
297.5 262.5 0.0030008675493863155
297.5 267.5 0.005717292677029852
297.5 272.5 0.014634562598665964
297.5 277.5 0.030037119736037433
297.5 282.5 0.0698732809011136
297.5 287.5 0.16339794917013922
297.5 292.5 0.30166541037930394
297.5 297.5 0.46605890802554295
297.5 302.5 0.4262938574659025
297.5 307.5 0.2500817771962511
297.5 312.5 0.12026225591284684
297.5 317.5 0.04748766230995691
297.5 322.5 0.020380299517870095
297.5 327.5 0.00908793537468178
297.5 332.5 0.0034417533030876224
297.5 337.5 0.0016213218039338388
297.5 342.5 9.102157495768919E-4
297.5 347.5 6.6843969109553E-4
297.5 352.5 2.844424217427787E-4
297.5 357.5 2.1333181630708403E-4
302.5 2.5 9.955484760997256E-5
302.5 7.5 9.955484760997256E-5
302.5 12.5 7.111060543569468E-5
302.5 17.5 9.955484760997256E-5
302.5 22.5 9.955484760997256E-5
302.5 27.5 9.955484760997256E-5
302.5 32.5 9.955484760997256E-5
302.5 37.5 9.955484760997256E-5
302.5 42.5 1.1377696869711149E-4
302.5 47.5 1.8488757413280616E-4
302.5 52.5 2.5599817956850087E-4
302.5 57.5 3.982193904398902E-4
302.5 62.5 8.106609019669194E-4
302.5 67.5 0.0016497660461081167
302.5 72.5 0.0036693072404818455
302.5 77.5 0.010766145662964174
302.5 82.5 0.02057940921309004
302.5 87.5 0.030947335485614326
302.5 92.5 0.03923883207941632
302.5 97.5 0.038157950876793766
302.5 102.5 0.029596233982336125
302.5 107.5 0.021603401931364043
302.5 112.5 0.015715443801288524
302.5 117.5 0.010254149303827172
302.5 122.5 0.007566168418357914
302.5 127.5 0.008248830230540584
302.5 132.5 0.012643465646466514
302.5 137.5 0.01964074922133887
302.5 142.5 0.03229843698889252
302.5 147.5 0.05826803009400822
302.5 152.5 0.1332470524654047
302.5 157.5 0.2930894713637592
302.5 162.5 0.5294895680741826
302.5 167.5 0.6625232887232801
302.5 172.5 0.7186722227753047
302.5 177.5 0.6186338230483694
302.5 182.5 0.3797875215109581
302.5 187.5 0.14163810390681666
302.5 192.5 0.049094761992803604
302.5 197.5 0.02019541194373729
302.5 202.5 0.008078164777494916
302.5 207.5 0.0032426436078676775
302.5 212.5 0.001777765135892367
302.5 217.5 0.00106665908153542
302.5 222.5 7.964387808797804E-4
302.5 227.5 5.831069645726964E-4
302.5 232.5 2.844424217427787E-4
302.5 237.5 2.5599817956850087E-4
302.5 242.5 2.5599817956850087E-4
302.5 247.5 5.973290856598353E-4
302.5 252.5 0.0010239927182740035
302.5 257.5 0.0017208766515438112
302.5 262.5 0.002901312701776343
302.5 267.5 0.005091519349195739
302.5 272.5 0.012245246256026623
302.5 277.5 0.023466499793779245
302.5 282.5 0.050488529859343226
302.5 287.5 0.1272595394877192
302.5 292.5 0.2706327421671668
302.5 297.5 0.48067924850312177
302.5 302.5 0.5149545603231266
302.5 307.5 0.354386813249328
302.5 312.5 0.15942997738682746
302.5 317.5 0.05319073286589962
302.5 322.5 0.01995363588525593
302.5 327.5 0.008319940835976277
302.5 332.5 0.003171533002431983
302.5 337.5 0.0014933227141495883
302.5 342.5 7.964387808797804E-4
302.5 347.5 4.977742380498628E-4
302.5 352.5 2.5599817956850087E-4
302.5 357.5 1.991096952199451E-4
307.5 2.5 9.955484760997256E-5
307.5 7.5 5.6888484348555744E-5
307.5 12.5 4.2666363261416805E-5
307.5 17.5 4.2666363261416805E-5
307.5 22.5 5.6888484348555744E-5
307.5 27.5 5.6888484348555744E-5
307.5 32.5 5.6888484348555744E-5
307.5 37.5 5.6888484348555744E-5
307.5 42.5 5.6888484348555744E-5
307.5 47.5 9.955484760997256E-5
307.5 52.5 1.1377696869711149E-4
307.5 57.5 2.1333181630708403E-4
307.5 62.5 3.128866639170566E-4
307.5 67.5 8.391051441411972E-4
307.5 72.5 0.0019626527100251733
307.5 77.5 0.006613286305519606
307.5 82.5 0.01737943196848378
307.5 87.5 0.026808698249256895
307.5 92.5 0.034687753331531866
307.5 97.5 0.034261089698917696
307.5 102.5 0.02703625218665112
307.5 107.5 0.019896747400907373
307.5 112.5 0.013326127458649183
307.5 117.5 0.007665723265967887
307.5 122.5 0.0055892935872456015
307.5 127.5 0.005973290856598353
307.5 132.5 0.00907371325359464
307.5 137.5 0.01483367229388591
307.5 142.5 0.022001621321803933
307.5 147.5 0.03711973603743262
307.5 152.5 0.06776840698021704
307.5 157.5 0.13354571700823462
307.5 162.5 0.2508213274927823
307.5 167.5 0.4073784364200077
307.5 172.5 0.5063643991864947
307.5 177.5 0.41807347147753615
307.5 182.5 0.24528892238988523
307.5 187.5 0.09948373700453686
307.5 192.5 0.039096610868544934
307.5 197.5 0.017279877120873807
307.5 202.5 0.005774181161378408
307.5 207.5 0.00267375876438212
307.5 212.5 0.0014933227141495883
307.5 217.5 9.955484760997256E-4
307.5 222.5 7.253281754440857E-4
307.5 227.5 4.40885753701307E-4
307.5 232.5 2.5599817956850087E-4
307.5 237.5 2.2755393739422298E-4
307.5 242.5 2.5599817956850087E-4
307.5 247.5 4.693299958755849E-4
307.5 252.5 8.81771507402614E-4
307.5 257.5 0.0014648784719753104
307.5 262.5 0.0023466499793779244
307.5 267.5 0.003854194814614652
307.5 272.5 0.008362607199237695
307.5 277.5 0.018090538022840726
307.5 282.5 0.03448864363631192
307.5 287.5 0.08133631049734757
307.5 292.5 0.20189723095302434
307.5 297.5 0.36695916829035885
307.5 302.5 0.4593602889935005
307.5 307.5 0.2938574659024647
307.5 312.5 0.11418941020863851
307.5 317.5 0.034687753331531866
307.5 322.5 0.013738568970176212
307.5 327.5 0.0050204087437600445
307.5 332.5 0.0021048739208965627
307.5 337.5 0.0010524369604482814
307.5 342.5 6.826618121826689E-4
307.5 347.5 3.128866639170566E-4
307.5 352.5 2.2755393739422298E-4
307.5 357.5 1.1377696869711149E-4
312.5 2.5 5.6888484348555744E-5
312.5 47.5 4.2666363261416805E-5
312.5 52.5 5.6888484348555744E-5
312.5 57.5 9.955484760997256E-5
312.5 62.5 1.991096952199451E-4
312.5 67.5 3.2710878500419554E-4
312.5 72.5 9.955484760997256E-4
312.5 77.5 0.002887090580689204
312.5 82.5 0.008519050531196223
312.5 87.5 0.017180322273263833
312.5 92.5 0.021148294056575596
312.5 97.5 0.021318959509621264
312.5 102.5 0.017919872569795058
312.5 107.5 0.01257235504103082
312.5 112.5 0.0066275084266067446
312.5 117.5 0.0039253054200503465
312.5 122.5 0.0031999772446062607
312.5 127.5 0.0034133090609133445
312.5 132.5 0.004295080568315958
312.5 137.5 0.00628617752051541
312.5 142.5 0.010367926272524284
312.5 147.5 0.01645499409781975
312.5 152.5 0.025471818867065833
312.5 157.5 0.0443445735496992
312.5 162.5 0.08372562683998691
312.5 167.5 0.1443545290344602
312.5 172.5 0.18955242984938775
312.5 177.5 0.16029752677314293
312.5 182.5 0.09932729367257832
312.5 187.5 0.04957831410976633
312.5 192.5 0.022712727376160882
312.5 197.5 0.010183038698391478
312.5 202.5 0.0033706426976519276
312.5 207.5 0.0016782102882823943
312.5 212.5 0.0010524369604482814
312.5 217.5 7.537724176183636E-4
312.5 222.5 5.262184802241407E-4
312.5 227.5 2.844424217427787E-4
312.5 232.5 2.2755393739422298E-4
312.5 237.5 2.1333181630708403E-4
312.5 242.5 2.5599817956850087E-4
312.5 247.5 3.4133090609133444E-4
312.5 252.5 7.111060543569468E-4
312.5 257.5 0.0010524369604482814
312.5 262.5 0.0016497660461081167
312.5 267.5 0.00267375876438212
312.5 272.5 0.0044799681424487646
312.5 277.5 0.010979477479271258
312.5 282.5 0.020223856185911566
312.5 287.5 0.0425525862927197
312.5 292.5 0.10686501784876197
312.5 297.5 0.20822607483680117
312.5 302.5 0.24324093695333723
312.5 307.5 0.14667273477166384
312.5 312.5 0.050061866226729056
312.5 317.5 0.017009656820218166
312.5 322.5 0.0052906290444156845
312.5 327.5 0.002389316342639341
312.5 332.5 0.0011662139291453927
312.5 337.5 6.968839332698078E-4
312.5 342.5 3.128866639170566E-4
312.5 347.5 2.2755393739422298E-4
312.5 352.5 1.8488757413280616E-4
312.5 357.5 9.955484760997256E-5
317.5 57.5 5.6888484348555744E-5
317.5 62.5 9.955484760997256E-5
317.5 67.5 1.8488757413280616E-4
317.5 72.5 3.2710878500419554E-4
317.5 77.5 9.955484760997256E-4
317.5 82.5 0.002460426948075036
317.5 87.5 0.005262184802241407
317.5 92.5 0.008590161136631917
317.5 97.5 0.009016824769246085
317.5 102.5 0.0066275084266067446
317.5 107.5 0.0038684169357017907
317.5 112.5 0.0022897614950293686
317.5 117.5 0.0014933227141495883
317.5 122.5 0.0012942130189296432
317.5 127.5 0.0014933227141495883
317.5 132.5 0.001777765135892367
317.5 137.5 0.0023750942215522023
317.5 142.5 0.003171533002431983
317.5 147.5 0.004039082388747458
317.5 152.5 0.006471065094648216
317.5 157.5 0.015487889863894301
317.5 162.5 0.025557151593588668
317.5 167.5 0.04167081478531708
317.5 172.5 0.056220044657460215
317.5 177.5 0.05462716709570065
317.5 182.5 0.03733306785373971
317.5 187.5 0.020949184361355653
317.5 192.5 0.009727930823603032
317.5 197.5 0.0036266408772204287
317.5 202.5 0.0016782102882823943
317.5 207.5 0.0010239927182740035
317.5 212.5 7.253281754440857E-4
317.5 217.5 4.40885753701307E-4
317.5 222.5 2.844424217427787E-4
317.5 227.5 2.1333181630708403E-4
317.5 232.5 1.8488757413280616E-4
317.5 237.5 1.8488757413280616E-4
317.5 242.5 1.991096952199451E-4
317.5 247.5 2.5599817956850087E-4
317.5 252.5 4.40885753701307E-4
317.5 257.5 7.253281754440857E-4
317.5 262.5 0.0010382148393611424
317.5 267.5 0.0014933227141495883
317.5 272.5 0.0025457596745978696
317.5 277.5 0.004622189353320154
317.5 282.5 0.010595480209918507
317.5 287.5 0.021219404662011294
317.5 292.5 0.048042325032355324
317.5 297.5 0.07863410749079118
317.5 302.5 0.07800833416295706
317.5 307.5 0.04549656535775746
317.5 312.5 0.01874475559284912
317.5 317.5 0.004351969052664514
317.5 322.5 0.0016782102882823943
317.5 327.5 8.248830230540583E-4
317.5 332.5 4.5510787478844595E-4
317.5 337.5 2.5599817956850087E-4
317.5 342.5 2.1333181630708403E-4
317.5 347.5 1.1377696869711149E-4
317.5 352.5 9.955484760997256E-5
317.5 357.5 5.6888484348555744E-5
322.5 67.5 5.6888484348555744E-5
322.5 72.5 1.8488757413280616E-4
322.5 77.5 2.844424217427787E-4
322.5 82.5 7.537724176183636E-4
322.5 87.5 0.0014079899876267546
322.5 92.5 0.002175984526332257
322.5 97.5 0.00240353846372648
322.5 102.5 0.0018204314991537838
322.5 107.5 0.0011662139291453927
322.5 112.5 7.537724176183636E-4
322.5 117.5 6.115512067469742E-4
322.5 122.5 4.8355211696272384E-4
322.5 127.5 4.693299958755849E-4
322.5 132.5 6.257733278341132E-4
322.5 137.5 7.537724176183636E-4
322.5 142.5 0.0010382148393611424
322.5 147.5 0.0013937678665396156
322.5 152.5 0.0016497660461081167
322.5 157.5 0.0029297569439506207
322.5 162.5 0.007253281754440857
322.5 167.5 0.014207898966051798
322.5 172.5 0.019541194373728896
322.5 177.5 0.020095857096127316
322.5 182.5 0.015132336836715828
322.5 187.5 0.006186622672905437
322.5 192.5 0.0030008675493863155
322.5 197.5 0.0014933227141495883
322.5 202.5 7.964387808797804E-4
322.5 207.5 4.693299958755849E-4
322.5 212.5 2.844424217427787E-4
322.5 217.5 2.2755393739422298E-4
322.5 222.5 1.991096952199451E-4
322.5 227.5 1.1377696869711149E-4
322.5 232.5 9.955484760997256E-5
322.5 237.5 9.955484760997256E-5
322.5 242.5 1.1377696869711149E-4
322.5 247.5 2.1333181630708403E-4
322.5 252.5 2.5599817956850087E-4
322.5 257.5 3.555530271784734E-4
322.5 262.5 6.6843969109553E-4
322.5 267.5 7.964387808797804E-4
322.5 272.5 0.0011662139291453927
322.5 277.5 0.0023608721004650633
322.5 282.5 0.00453685662679732
322.5 287.5 0.010723479299702758
322.5 292.5 0.019711859826774564
322.5 297.5 0.026780254007082616
322.5 302.5 0.02443360402770469
322.5 307.5 0.015715443801288524
322.5 312.5 0.0042239699628802635
322.5 317.5 0.0010239927182740035
322.5 322.5 4.40885753701307E-4
322.5 327.5 2.5599817956850087E-4
322.5 332.5 1.8488757413280616E-4
322.5 337.5 9.955484760997256E-5
322.5 342.5 9.955484760997256E-5
322.5 347.5 7.111060543569468E-5
322.5 352.5 5.6888484348555744E-5
327.5 72.5 2.8444242174277872E-5
327.5 77.5 9.955484760997256E-5
327.5 82.5 2.2755393739422298E-4
327.5 87.5 3.839972693527513E-4
327.5 92.5 6.968839332698078E-4
327.5 97.5 7.253281754440857E-4
327.5 102.5 6.257733278341132E-4
327.5 107.5 3.128866639170566E-4
327.5 112.5 2.5599817956850087E-4
327.5 117.5 2.5599817956850087E-4
327.5 122.5 2.2755393739422298E-4
327.5 127.5 1.991096952199451E-4
327.5 132.5 1.8488757413280616E-4
327.5 137.5 2.1333181630708403E-4
327.5 142.5 2.5599817956850087E-4
327.5 147.5 3.4133090609133444E-4
327.5 152.5 6.257733278341132E-4
327.5 157.5 9.386599917511698E-4
327.5 162.5 0.0019626527100251733
327.5 167.5 0.0042239699628802635
327.5 172.5 0.006499509336822494
327.5 177.5 0.006513731457909633
327.5 182.5 0.004067526630921736
327.5 187.5 0.0022897614950293686
327.5 192.5 0.0012942130189296432
327.5 197.5 7.537724176183636E-4
327.5 202.5 2.844424217427787E-4
327.5 207.5 2.1333181630708403E-4
327.5 212.5 1.8488757413280616E-4
327.5 217.5 9.955484760997256E-5
327.5 222.5 9.955484760997256E-5
327.5 227.5 5.6888484348555744E-5
327.5 232.5 5.6888484348555744E-5
327.5 237.5 5.6888484348555744E-5
327.5 242.5 9.955484760997256E-5
327.5 247.5 9.955484760997256E-5
327.5 252.5 1.8488757413280616E-4
327.5 257.5 2.2755393739422298E-4
327.5 262.5 2.5599817956850087E-4
327.5 267.5 3.2710878500419554E-4
327.5 272.5 6.399954489212521E-4
327.5 277.5 0.0010382148393611424
327.5 282.5 0.0018915421045894785
327.5 287.5 0.0036266408772204287
327.5 292.5 0.006243511157253993
327.5 297.5 0.008732382347503306
327.5 302.5 0.0074666135707479415
327.5 307.5 0.0037404178459175402
327.5 312.5 0.0011804360502325317
327.5 317.5 2.7022030065563976E-4
327.5 322.5 1.7066545304566722E-4
327.5 327.5 9.955484760997256E-5
327.5 332.5 5.6888484348555744E-5
327.5 337.5 5.6888484348555744E-5
327.5 342.5 2.8444242174277872E-5
332.5 82.5 5.6888484348555744E-5
332.5 87.5 9.955484760997256E-5
332.5 92.5 1.8488757413280616E-4
332.5 97.5 2.1333181630708403E-4
332.5 102.5 1.991096952199451E-4
332.5 107.5 1.991096952199451E-4
332.5 112.5 1.8488757413280616E-4
332.5 117.5 1.1377696869711149E-4
332.5 122.5 9.955484760997256E-5
332.5 127.5 5.6888484348555744E-5
332.5 132.5 1.4222121087138936E-5
332.5 137.5 5.6888484348555744E-5
332.5 142.5 9.955484760997256E-5
332.5 147.5 1.991096952199451E-4
332.5 152.5 2.5599817956850087E-4
332.5 157.5 4.693299958755849E-4
332.5 162.5 9.528821128383087E-4
332.5 167.5 0.0015928775617595609
332.5 172.5 0.0018915421045894785
332.5 177.5 0.0018488757413280617
332.5 182.5 0.0014933227141495883
332.5 187.5 0.0010524369604482814
332.5 192.5 7.253281754440857E-4
332.5 197.5 2.844424217427787E-4
332.5 202.5 1.991096952199451E-4
332.5 207.5 9.955484760997256E-5
332.5 212.5 9.955484760997256E-5
332.5 217.5 5.6888484348555744E-5
332.5 237.5 1.4222121087138936E-5
332.5 242.5 5.6888484348555744E-5
332.5 247.5 9.955484760997256E-5
332.5 252.5 9.955484760997256E-5
332.5 257.5 1.1377696869711149E-4
332.5 262.5 1.8488757413280616E-4
332.5 267.5 2.1333181630708403E-4
332.5 272.5 2.5599817956850087E-4
332.5 277.5 3.839972693527513E-4
332.5 282.5 7.679945387055025E-4
332.5 287.5 0.0012515466556682264
332.5 292.5 0.001777765135892367
332.5 297.5 0.0019484305889380343
332.5 302.5 0.0016924324093695333
332.5 307.5 9.955484760997256E-4
332.5 312.5 2.9866454282991765E-4
332.5 317.5 1.1377696869711149E-4
332.5 322.5 5.6888484348555744E-5
332.5 327.5 2.8444242174277872E-5
337.5 92.5 5.6888484348555744E-5
337.5 97.5 5.6888484348555744E-5
337.5 102.5 9.955484760997256E-5
337.5 107.5 7.111060543569468E-5
337.5 112.5 5.6888484348555744E-5
337.5 117.5 4.2666363261416805E-5
337.5 142.5 5.6888484348555744E-5
337.5 147.5 9.955484760997256E-5
337.5 152.5 2.1333181630708403E-4
337.5 157.5 2.5599817956850087E-4
337.5 162.5 4.5510787478844595E-4
337.5 167.5 7.253281754440857E-4
337.5 172.5 8.248830230540583E-4
337.5 177.5 8.106609019669194E-4
337.5 182.5 7.395502965312247E-4
337.5 187.5 6.257733278341132E-4
337.5 192.5 2.9866454282991765E-4
337.5 197.5 2.1333181630708403E-4
337.5 202.5 9.955484760997256E-5
337.5 207.5 5.6888484348555744E-5
337.5 247.5 4.2666363261416805E-5
337.5 252.5 5.6888484348555744E-5
337.5 257.5 7.111060543569468E-5
337.5 262.5 9.955484760997256E-5
337.5 267.5 9.955484760997256E-5
337.5 272.5 9.955484760997256E-5
337.5 277.5 1.8488757413280616E-4
337.5 282.5 2.5599817956850087E-4
337.5 287.5 2.844424217427787E-4
337.5 292.5 3.6977514826561233E-4
337.5 297.5 4.2666363261416806E-4
337.5 302.5 3.128866639170566E-4
337.5 307.5 2.1333181630708403E-4
337.5 312.5 9.955484760997256E-5
337.5 317.5 5.6888484348555744E-5
342.5 147.5 9.955484760997256E-5
342.5 152.5 1.7066545304566722E-4
342.5 157.5 2.1333181630708403E-4
342.5 162.5 2.5599817956850087E-4
342.5 167.5 2.844424217427787E-4
342.5 172.5 3.2710878500419554E-4
342.5 177.5 3.555530271784734E-4
342.5 182.5 3.128866639170566E-4
342.5 187.5 2.5599817956850087E-4
342.5 192.5 1.991096952199451E-4
342.5 197.5 9.955484760997256E-5
342.5 202.5 7.111060543569468E-5
342.5 207.5 1.4222121087138936E-5
342.5 262.5 1.4222121087138936E-5
342.5 267.5 1.4222121087138936E-5
342.5 272.5 4.2666363261416805E-5
342.5 277.5 5.6888484348555744E-5
342.5 282.5 9.955484760997256E-5
342.5 287.5 9.955484760997256E-5
342.5 292.5 9.955484760997256E-5
342.5 297.5 9.955484760997256E-5
342.5 302.5 5.6888484348555744E-5
342.5 307.5 4.2666363261416805E-5
347.5 152.5 9.955484760997256E-5
347.5 157.5 9.955484760997256E-5
347.5 162.5 1.8488757413280616E-4
347.5 167.5 2.1333181630708403E-4
347.5 172.5 2.1333181630708403E-4
347.5 177.5 2.1333181630708403E-4
347.5 182.5 1.991096952199451E-4
347.5 187.5 1.8488757413280616E-4
347.5 192.5 9.955484760997256E-5
347.5 197.5 7.111060543569468E-5
347.5 202.5 2.8444242174277872E-5
352.5 157.5 5.6888484348555744E-5
352.5 162.5 9.955484760997256E-5
352.5 167.5 9.955484760997256E-5
352.5 172.5 9.955484760997256E-5
352.5 177.5 9.955484760997256E-5
352.5 182.5 9.955484760997256E-5
352.5 187.5 7.111060543569468E-5
352.5 192.5 5.6888484348555744E-5
357.5 167.5 1.4222121087138936E-5
357.5 172.5 1.4222121087138936E-5
357.5 177.5 1.4222121087138936E-5
